328 36
328 219
328 241
328 250
328 300
328 315
328 322
328 329
328 436
328 454
328 464
328 465
328 467
328 468
328 469
328 470
329 330
329 429
330 331
330 354
330 361
330 377
330 382
330 388
330 390
330 392
330 395
330 399
330 402
330 405
330 407
330 428
331 332
331 336
331 337
331 338
331 341
332 4
332 11
332 62
332 333
333 31
333 42
333 70
333 106
333 334
333 335
333 496
333 497
333 498
333 499
333 500
333 501
333 502
333 503
333 504
333 505
333 506
333 507
333 508
333 509
333 510
333 511
333 512
333 513
333 514
333 515
334 25
334 52
334 703
334 704
335 6
335 23
336 8
336 133
336 197
336 671
336 672
336 673
336 674
336 675
336 676
336 677
336 716
336 719
337 38
337 73
337 705
337 706
338 68
338 339
338 340
339 129
339 735
340 13
340 27
340 37
340 46
340 60
340 681
340 682
340 683
340 684
340 685
340 700
340 713
341 14
341 21
341 67
341 69
341 77
341 82
341 85
341 115
341 342
341 343
341 344
341 345
341 346
341 347
341 348
341 349
341 350
341 351
341 352
341 353
341 579
341 580
341 581
341 582
341 583
341 584
341 585
341 586
341 587
341 588
341 589
341 590
341 591
341 592
341 593
341 707
341 728
342 15
342 44
342 80
343 22
343 79
344 83
344 688
345 295
345 648
346 221
346 611
347 55
347 603
348 18
348 39
349 100
349 739
350 49
350 668
351 75
351 171
352 54
352 59
352 64
353 29
353 686
353 687
354 355
354 358
355 117
355 125
355 212
355 356
355 357
355 619
356 99
356 107
356 158
357 97
357 169
358 227
358 359
359 12
359 360
360 32
360 179
361 45
361 47
361 50
361 72
361 96
361 109
361 119
361 126
361 131
361 163
361 176
361 206
361 234
361 237
361 247
361 362
361 363
361 364
361 365
361 366
361 367
361 368
361 369
361 370
361 371
361 372
361 373
361 374
361 375
361 480
361 481
361 482
361 483
361 484
361 485
361 486
361 487
361 488
361 489
361 490
361 491
361 492
361 493
361 494
361 495
361 545
361 551
361 563
361 742
362 24
362 112
363 26
363 204
364 186
364 297
365 147
365 472
366 128
366 520
367 183
367 269
368 251
368 678
369 174
369 185
370 86
370 239
371 89
371 569
371 570
372 120
372 230
373 139
373 203
374 7
374 215
375 102
375 376
376 113
376 710
376 711
376 712
377 98
377 378
377 379
378 90
378 160
378 209
378 224
379 145
379 152
379 164
379 170
379 274
379 380
379 381
380 192
380 257
381 151
381 187
382 10
382 28
382 43
382 259
382 383
382 386
383 34
383 105
383 213
383 384
383 385
384 123
384 190
385 138
385 542
385 543
385 544
386 20
386 165
386 175
386 238
386 387
387 2
387 81
388 33
388 214
388 389
389 184
389 193
389 523
389 524
390 9
390 391
391 17
391 40
391 143
391 157
391 220
392 180
392 393
393 267
393 275
393 394
394 243
394 293
395 168
395 195
395 396
395 525
396 161
396 397
397 255
397 398
398 516
398 561
398 562
399 19
399 30
399 53
399 57
399 63
399 65
399 66
399 167
399 262
399 298
399 400
399 401
399 722
399 723
399 724
399 725
399 726
399 727
400 5
400 51
401 48
401 256
402 87
402 146
402 403
402 404
403 127
403 182
404 114
404 148
405 110
405 122
405 199
405 406
405 540
405 541
406 194
406 231
407 41
407 84
407 93
407 104
407 140
407 155
407 166
407 198
407 217
407 408
407 409
407 411
407 412
407 413
407 414
407 415
407 416
407 417
407 418
407 419
407 420
407 421
407 422
407 423
407 424
407 425
407 427
407 555
407 571
407 572
407 600
407 616
408 136
408 200
408 244
409 56
409 207
409 235
409 410
410 153
410 201
411 124
411 154
411 178
412 71
412 159
412 573
412 614
412 615
413 142
413 173
414 188
414 189
415 101
415 218
416 76
416 576
417 58
417 78
417 292
418 134
418 181
419 91
419 172
420 95
420 642
421 156
421 210
422 121
422 144
423 61
423 191
423 692
423 693
423 694
423 695
423 696
423 697
423 698
423 699
424 150
424 196
425 108
425 426
426 223
426 229
427 271
427 302
428 118
428 233
429 94
429 285
429 430
429 433
429 434
429 435
429 652
430 92
430 103
430 111
430 135
430 216
430 431
430 432
431 225
431 236
432 208
432 228
433 88
433 116
433 245
433 268
433 319
433 325
433 597
433 598
433 599
434 283
434 314
435 130
435 132
435 284
435 594
435 595
435 596
436 437
436 446
437 246
437 281
437 291
437 309
437 313
437 438
437 440
437 441
437 442
437 443
437 444
438 254
438 260
438 265
438 287
438 289
438 310
438 439
438 623
438 624
438 625
438 626
438 627
438 628
438 629
438 630
438 631
438 632
438 639
439 240
439 308
440 242
440 270
440 636
440 637
440 638
441 277
441 286
442 258
442 266
443 263
443 305
444 249
444 445
445 261
445 280
446 0
446 211
446 264
446 317
446 447
446 449
446 452
447 162
447 205
447 448
448 222
448 607
449 450
449 451
450 327
450 658
451 318
451 320
451 324
452 326
452 453
453 321
453 655
453 656
453 657
453 661
454 455
454 456
454 457
455 137
455 273
456 149
456 202
456 226
456 548
457 294
457 458
457 459
457 460
457 462
457 463
457 645
458 252
458 276
458 282
459 279
459 288
459 303
460 248
460 311
460 461
460 633
461 296
461 304
462 299
462 307
463 301
463 312
464 141
464 177
465 16
465 290
465 316
465 466
465 665
466 232
466 272
467 3
467 732
468 35
468 253
469 1
469 323
470 278
470 471
471 74
471 306
472 473
472 474
472 475
472 476
472 477
472 478
472 479
516 517
516 518
516 519
520 521
520 522
525 526
525 527
525 528
525 529
525 530
525 531
525 532
525 533
525 534
525 535
525 536
525 537
525 538
525 539
545 546
545 547
548 549
548 550
551 552
551 553
551 554
555 556
555 557
555 558
555 559
555 560
563 564
563 565
563 566
563 567
563 568
573 574
573 575
576 577
576 578
600 601
600 602
603 604
603 605
603 606
607 608
607 609
607 610
611 612
611 613
616 617
616 618
619 620
619 621
619 622
633 634
633 635
639 640
639 641
642 643
642 644
645 646
645 647
648 649
648 650
648 651
652 653
652 654
658 659
658 660
661 662
661 663
661 664
665 666
665 667
668 669
668 670
678 679
678 680
688 689
688 690
688 691
700 701
700 702
707 708
707 709
713 714
713 715
716 717
716 718
719 720
719 721
728 729
728 730
728 731
732 733
732 734
735 736
735 737
735 738
739 740
739 741
742 743
742 744
745 328
