496 497
496 664
497 498
497 653
497 662
497 663
498 499
498 522
498 541
498 557
498 582
498 617
498 629
498 634
498 636
498 650
498 652
499 500
499 517
500 94
500 104
500 138
500 215
500 501
500 504
500 513
500 514
500 515
500 516
501 170
501 502
502 111
502 503
503 132
503 191
504 79
504 80
504 85
504 88
504 114
504 162
504 167
504 181
504 184
504 356
504 505
504 507
504 508
504 509
504 510
504 511
505 168
505 183
505 506
506 110
506 116
506 133
506 200
507 124
507 147
507 160
508 182
508 201
509 152
509 202
510 199
510 208
511 213
511 512
512 77
512 84
513 141
513 143
514 248
514 291
515 112
515 117
516 119
516 165
517 518
517 520
518 28
518 519
519 362
519 444
520 156
520 521
521 282
521 340
522 523
522 538
522 539
523 351
523 524
523 533
523 535
523 537
524 123
524 361
524 525
524 529
524 531
525 142
525 155
525 526
525 527
525 528
526 90
526 206
527 97
527 190
528 75
528 107
529 389
529 530
530 96
530 98
531 261
531 532
532 226
532 257
533 333
533 534
534 392
534 463
535 175
535 536
536 11
536 72
537 61
537 126
538 284
538 306
538 335
539 383
539 540
540 12
540 103
541 542
541 551
542 53
542 543
543 544
543 549
544 545
544 546
544 547
545 459
545 465
546 434
546 456
547 431
547 432
547 440
547 450
547 461
547 462
547 464
547 548
547 802
547 803
547 804
548 443
548 447
549 428
549 550
549 805
550 433
550 471
551 552
551 554
552 553
552 796
553 8
553 277
554 105
554 238
554 399
554 484
554 555
554 556
555 7
555 39
555 68
556 273
556 290
557 558
557 569
557 580
558 559
558 563
558 564
558 565
558 566
559 560
559 561
560 323
560 373
561 150
561 204
561 562
562 210
562 218
563 5
563 262
563 344
563 382
564 24
564 324
565 56
565 268
566 567
566 568
567 330
567 419
568 320
568 393
569 570
569 573
569 574
570 241
570 571
571 495
571 572
572 477
572 479
573 49
573 308
574 575
574 576
575 272
575 406
576 269
576 300
576 577
576 578
577 20
577 297
578 65
578 106
578 403
578 436
578 579
579 239
579 283
580 448
580 581
581 396
581 481
582 48
582 255
582 294
582 583
582 598
582 604
582 607
582 610
582 612
582 613
582 614
582 615
582 616
583 309
583 395
583 584
583 593
583 595
583 596
583 597
584 585
584 588
584 589
585 259
585 586
585 587
586 225
586 237
587 339
587 386
588 246
588 321
589 318
589 590
589 592
590 219
590 591
591 385
591 427
592 231
592 367
593 256
593 594
594 223
594 329
594 343
595 229
595 352
596 363
596 409
597 247
597 303
598 599
598 601
599 429
599 439
599 600
600 437
600 460
601 240
601 602
601 603
602 372
602 421
603 310
603 381
604 605
604 606
605 62
605 67
606 451
606 453
607 10
607 608
608 125
608 438
608 609
609 144
609 174
610 466
610 611
611 337
611 430
612 368
612 446
613 58
613 234
614 274
614 328
615 59
615 316
616 148
616 378
617 618
617 626
618 619
618 622
618 623
618 624
619 620
619 621
620 258
620 276
621 224
621 315
622 17
622 19
622 319
623 136
623 139
623 153
624 412
624 625
625 242
625 411
626 353
626 627
627 221
627 348
627 414
627 628
628 312
628 387
629 630
629 633
630 287
630 305
630 334
630 422
630 631
631 366
631 632
632 264
632 295
633 347
633 424
634 81
634 635
635 60
635 285
635 293
635 341
636 128
636 388
636 637
636 643
636 646
636 649
637 638
637 641
638 149
638 639
639 441
639 640
640 467
640 470
641 345
641 642
642 327
642 360
643 376
643 644
644 69
644 645
645 346
645 426
646 647
646 648
647 302
647 408
648 251
648 355
649 22
649 364
650 73
650 651
651 95
651 401
652 50
652 469
653 654
653 659
654 189
654 233
654 655
654 656
654 657
655 391
655 458
656 192
656 423
657 121
657 658
658 185
658 198
659 482
659 660
660 236
660 661
661 172
661 245
662 220
662 455
663 76
663 342
664 665
664 705
664 751
664 785
665 666
665 699
666 667
666 697
667 668
667 687
668 669
668 671
668 681
669 266
669 280
669 670
670 113
670 263
671 44
671 336
671 445
671 672
671 674
671 677
671 678
671 679
672 26
672 673
673 253
673 369
674 475
674 675
674 676
675 325
675 357
676 298
676 468
677 354
677 384
678 23
678 42
679 130
679 164
679 279
679 680
680 29
680 92
680 173
681 682
681 685
682 33
682 140
682 265
682 402
682 683
683 375
683 684
684 27
684 371
685 425
685 490
685 686
686 350
686 359
687 688
687 694
687 696
688 478
688 689
689 47
689 690
690 83
690 691
691 127
691 692
691 693
692 177
692 194
693 91
693 151
694 46
694 214
694 695
695 4
695 14
695 21
696 1
696 89
697 161
697 698
698 235
698 304
699 207
699 700
700 3
700 209
700 299
700 311
700 701
700 704
701 109
701 702
701 703
702 31
702 203
703 54
703 93
704 100
704 145
705 706
705 748
705 749
706 707
706 714
706 728
707 380
707 708
708 286
708 358
708 398
708 416
708 709
708 710
708 711
709 243
709 322
710 332
710 799
711 281
711 301
711 712
712 249
712 713
713 230
713 377
714 715
714 717
715 212
715 716
716 163
716 179
717 718
717 722
718 454
718 719
718 720
719 166
719 186
720 16
720 721
721 131
721 195
722 723
722 725
723 78
723 724
724 122
724 216
725 137
725 726
726 115
726 727
727 66
727 254
728 250
728 729
728 734
728 737
728 738
728 739
728 740
728 741
728 743
728 745
728 746
729 82
729 134
729 176
729 178
729 730
729 732
729 733
730 196
730 731
731 86
731 118
732 74
732 158
732 159
733 101
733 108
733 120
733 217
734 735
734 736
735 270
735 365
735 390
736 252
736 275
737 296
737 420
738 473
738 487
739 13
739 32
740 317
740 417
741 292
741 742
742 313
742 413
743 205
743 744
744 171
744 410
745 232
745 326
746 374
746 747
747 52
747 442
748 338
748 415
749 370
749 750
750 129
750 289
751 752
751 761
752 87
752 146
752 753
752 757
753 754
753 755
754 0
754 6
754 15
754 41
755 394
755 756
756 25
756 102
757 57
757 758
757 759
758 63
758 70
759 760
759 793
760 43
760 379
761 36
761 154
761 187
761 193
761 762
761 763
761 769
761 771
761 777
761 780
761 781
761 782
761 783
761 784
762 474
762 483
762 485
762 486
762 489
762 492
762 494
762 808
762 809
763 764
763 766
763 767
763 768
764 45
764 765
765 18
765 35
765 222
766 51
766 267
767 55
767 211
768 9
768 407
769 493
769 770
770 288
770 418
771 772
771 773
771 775
771 776
772 30
772 64
773 135
773 180
773 774
774 99
774 188
775 488
775 491
776 38
776 157
777 37
777 169
777 778
777 779
778 307
778 397
779 228
779 457
780 331
780 480
781 244
781 278
782 2
782 40
783 197
783 472
784 400
784 452
785 786
785 789
786 787
786 788
787 404
787 405
788 271
788 349
789 435
789 790
789 791
790 227
790 314
791 71
791 449
791 476
791 792
792 34
792 260
793 794
793 795
796 797
796 798
799 800
799 801
805 806
805 807
810 496
