452 453
452 607
452 685
453 454
453 528
453 591
454 455
454 525
455 456
455 472
456 457
456 467
457 458
457 466
458 82
458 107
458 135
458 140
458 163
458 169
458 178
458 184
458 188
458 459
458 460
458 461
458 462
458 463
458 464
458 465
458 743
459 74
459 98
459 144
459 183
460 73
460 80
460 95
460 146
461 110
461 154
462 165
462 182
463 87
463 736
464 115
464 185
465 109
465 111
465 123
466 128
466 161
467 468
467 471
468 469
468 470
469 170
469 300
470 31
470 71
471 124
471 187
471 384
472 473
472 511
473 474
473 482
474 93
474 339
474 475
474 479
474 480
475 476
475 477
476 138
476 151
477 36
477 478
478 89
478 203
479 114
479 311
480 158
480 481
481 315
481 360
482 483
482 490
482 498
482 503
482 507
482 509
483 51
483 484
483 486
483 487
484 121
484 162
484 485
485 149
485 180
486 81
486 105
487 112
487 398
487 488
487 489
488 75
488 134
489 83
489 117
489 174
490 383
490 491
490 494
490 495
491 220
491 422
491 492
492 217
492 322
492 417
492 493
493 287
493 323
494 222
494 235
495 370
495 496
496 336
496 497
497 258
497 411
498 499
498 502
499 500
499 501
500 63
500 218
501 131
501 171
502 229
502 366
503 504
503 505
504 208
504 317
504 346
504 396
505 33
505 506
506 16
506 26
506 798
506 799
506 800
507 372
507 508
508 172
508 179
509 510
509 740
510 304
510 441
511 512
511 518
511 520
511 522
512 102
512 245
512 513
512 515
512 516
513 286
513 514
514 316
514 363
515 206
515 278
516 100
516 517
517 202
517 333
517 414
518 334
518 519
519 156
519 175
520 41
520 521
521 37
521 774
521 775
522 136
522 320
522 523
523 269
523 524
524 116
524 438
525 197
525 526
526 330
526 527
527 142
527 749
528 529
528 541
528 563
528 572
528 582
528 589
529 530
529 537
530 368
530 531
530 536
531 231
531 255
531 263
531 284
531 532
531 534
531 535
531 756
531 757
532 533
532 762
533 234
533 285
534 303
534 329
535 257
535 312
536 219
536 238
536 273
536 275
536 314
536 419
537 538
537 539
537 540
538 290
538 293
538 308
538 389
538 406
538 413
538 752
538 753
539 240
539 338
540 306
540 343
541 542
541 552
542 543
542 548
543 359
543 376
543 402
543 544
544 236
544 246
544 379
544 545
544 547
545 407
545 546
546 296
546 388
547 295
547 394
548 259
548 274
548 299
548 391
548 549
548 550
548 551
549 205
549 266
550 193
550 345
550 348
551 216
551 349
552 553
552 556
552 558
553 68
553 139
553 354
553 425
553 554
554 397
554 555
555 7
555 17
556 298
556 557
557 62
557 801
558 42
558 559
558 561
558 562
559 256
559 560
560 8
560 23
561 15
561 730
562 96
562 403
563 27
563 564
564 565
564 570
565 437
565 439
565 442
565 444
565 445
565 451
565 566
565 568
566 443
566 450
566 567
566 795
567 435
567 449
568 433
568 569
569 434
569 446
570 430
570 431
570 436
570 448
570 571
571 427
571 440
572 39
572 310
572 573
572 575
572 578
572 579
573 574
573 786
574 12
574 65
574 789
575 400
575 401
575 576
576 38
576 48
576 50
576 70
576 577
576 778
577 29
577 771
577 772
577 773
578 28
578 43
579 58
579 580
579 581
580 18
580 21
580 25
580 46
580 72
581 53
581 60
582 583
582 587
583 150
583 415
583 584
584 585
584 586
585 233
585 420
586 190
586 191
586 237
586 253
586 361
587 243
587 588
588 204
588 227
589 378
589 590
590 321
590 342
591 592
591 603
592 593
592 599
593 14
593 594
594 40
594 45
594 595
594 597
594 598
595 11
595 52
595 55
595 66
595 67
595 596
595 776
595 777
596 19
596 61
597 32
597 783
598 13
598 54
599 600
599 601
600 297
600 382
601 176
601 602
602 78
602 104
603 604
603 605
604 22
604 24
604 56
604 59
604 64
605 10
605 606
606 34
606 44
606 69
607 608
607 647
607 654
607 673
608 609
608 622
608 630
608 643
609 610
609 621
610 200
610 611
611 352
611 612
611 614
611 615
611 616
611 617
611 618
611 619
612 373
612 613
613 252
613 405
614 221
614 353
615 261
615 340
616 331
616 381
617 213
617 344
618 267
618 390
619 262
619 620
620 201
620 215
620 305
620 358
621 332
621 412
622 49
622 57
622 125
622 623
622 627
623 624
623 626
624 377
624 625
625 264
625 754
625 755
626 4
626 225
627 157
627 628
628 9
628 302
628 629
629 196
629 371
630 631
630 634
631 632
631 633
632 365
632 369
633 248
633 399
633 421
634 635
634 642
635 636
635 640
636 637
636 638
637 247
637 416
638 192
638 639
639 199
639 319
639 324
640 380
640 641
641 282
641 335
642 289
642 347
643 644
643 645
643 646
644 367
644 418
645 30
645 47
646 226
646 357
647 85
647 648
647 649
647 650
647 651
648 3
648 211
649 239
649 268
650 198
650 325
651 195
651 276
651 355
651 374
651 408
651 652
651 653
652 91
652 733
653 270
653 337
654 655
654 658
654 665
654 672
655 209
655 260
655 326
655 410
655 656
656 395
656 404
656 657
656 758
657 313
657 765
658 659
658 664
659 660
659 662
660 426
660 661
661 99
661 177
662 251
662 663
663 283
663 746
663 747
663 748
664 88
664 432
665 666
665 669
665 670
666 667
666 668
667 265
667 281
668 288
668 292
669 210
669 214
670 328
670 671
671 244
671 271
672 207
672 447
673 375
673 674
674 5
674 675
674 677
674 680
674 681
674 682
674 684
675 90
675 676
676 294
676 385
677 678
677 679
678 2
678 356
679 130
679 186
680 228
680 318
681 1
681 423
682 327
682 683
683 35
683 428
684 0
684 429
685 686
685 709
685 718
685 725
686 687
686 708
687 181
687 688
687 704
687 705
687 706
688 84
688 132
688 148
688 689
688 698
688 700
688 701
688 702
689 97
689 690
689 694
689 695
689 696
690 691
690 692
691 106
691 153
692 159
692 693
693 86
693 101
694 145
694 164
695 127
695 167
696 173
696 697
697 94
697 126
698 152
698 160
698 699
699 147
699 768
700 103
700 133
701 120
701 141
702 92
702 129
702 189
702 703
703 108
703 119
704 77
704 122
704 166
705 79
705 155
706 113
706 137
706 707
707 76
707 143
708 168
708 393
709 20
709 710
710 711
710 712
711 291
711 392
712 350
712 713
712 717
713 194
713 212
713 249
713 309
713 386
713 409
713 714
714 280
714 715
715 387
715 716
716 230
716 351
717 232
717 241
717 277
718 719
718 723
719 250
719 720
719 721
720 224
720 364
721 254
721 722
722 223
722 272
723 424
723 724
724 242
724 362
725 726
725 728
726 279
726 727
727 307
727 341
728 301
728 729
729 6
729 118
730 731
730 732
733 734
733 735
736 737
736 738
736 739
740 741
740 742
743 744
743 745
749 750
749 751
758 759
758 760
758 761
762 763
762 764
765 766
765 767
768 769
768 770
778 779
778 780
778 781
778 782
783 784
783 785
786 787
786 788
789 790
789 791
789 792
789 793
789 794
795 796
795 797
801 802
801 803
804 452
