437 438
437 572
437 621
437 672
437 687
437 697
437 706
437 720
437 722
437 724
437 727
437 728
437 732
438 439
438 494
438 558
438 561
438 571
439 440
439 483
440 192
440 441
441 442
441 456
441 460
441 463
442 443
442 448
442 451
442 452
443 444
443 446
444 221
444 445
445 347
445 753
446 93
446 447
447 210
447 332
448 449
448 450
449 277
449 296
450 312
450 380
451 161
451 242
452 33
452 181
452 453
452 454
453 284
453 364
454 97
454 321
454 455
455 112
455 131
456 457
456 458
456 459
457 45
457 392
458 213
458 824
459 117
459 306
460 461
460 762
461 462
461 767
462 259
462 278
463 148
463 464
463 468
463 471
463 472
463 476
463 477
463 478
463 479
464 465
464 466
465 109
465 130
466 323
466 467
467 43
467 354
468 266
468 469
468 470
469 57
469 147
470 59
470 258
470 375
470 809
471 214
471 319
472 98
472 473
473 474
473 475
474 47
474 61
474 250
475 271
475 417
476 189
476 424
477 138
477 209
478 122
478 355
479 480
479 481
480 108
480 260
481 279
481 482
482 338
482 363
483 484
483 490
484 485
484 488
485 115
485 486
486 156
486 172
486 174
486 180
486 183
486 487
487 132
487 159
488 154
488 489
489 88
489 394
490 307
490 491
490 492
491 12
491 14
492 104
492 235
492 388
492 493
493 75
493 346
494 495
494 538
494 543
494 547
495 496
495 529
496 497
496 516
497 498
497 502
497 505
497 507
497 512
498 499
498 501
499 53
499 500
500 186
500 303
501 42
501 137
502 503
502 504
503 89
503 110
504 123
504 217
505 391
505 506
506 126
506 178
507 19
507 508
508 509
508 511
509 3
509 38
509 56
509 510
510 25
510 798
510 799
510 800
511 167
511 194
512 70
512 107
512 237
512 249
512 311
512 400
512 409
512 513
512 514
512 515
513 2
513 750
514 256
514 379
515 357
515 365
516 201
516 517
516 523
516 525
516 526
516 527
517 518
517 519
518 129
518 136
518 313
519 520
519 522
520 248
520 521
521 79
521 815
522 48
522 166
523 219
523 524
524 8
524 40
524 51
524 804
524 805
525 356
525 765
525 766
526 4
526 386
527 349
527 528
528 436
528 806
529 530
529 531
530 198
530 229
530 335
531 532
531 533
531 534
532 34
532 427
533 334
533 367
534 535
534 536
535 80
535 268
536 310
536 537
537 143
537 426
538 539
538 542
539 251
539 540
539 541
540 5
540 6
541 795
541 801
542 29
542 65
543 544
543 545
544 223
544 261
545 416
545 546
546 385
546 398
547 383
547 413
547 548
547 551
547 552
547 553
547 554
548 549
548 550
549 121
549 193
550 297
550 345
551 283
551 397
552 101
552 411
553 69
553 233
554 555
554 556
555 325
555 371
556 557
556 778
557 238
557 351
558 144
558 559
559 407
559 560
560 66
560 212
560 361
561 562
561 565
561 568
562 179
562 563
563 173
563 564
564 87
564 341
565 187
565 566
566 265
566 567
567 247
567 333
568 41
568 569
569 31
569 570
570 269
570 412
571 309
571 358
572 573
572 605
573 574
573 583
574 575
574 580
575 576
575 579
576 577
576 578
577 220
577 273
577 308
578 199
578 218
579 204
579 240
579 368
579 756
580 196
580 581
581 113
581 582
581 818
582 225
582 286
583 584
583 604
584 585
584 590
584 592
584 594
585 586
585 588
585 589
586 230
586 587
587 99
587 140
587 267
588 49
588 228
589 39
589 429
590 184
590 202
590 591
591 353
591 376
592 176
592 593
593 64
593 95
594 86
594 145
594 595
594 596
594 597
594 598
594 599
594 600
594 601
594 602
595 102
595 744
596 83
596 396
597 163
597 318
598 294
598 362
599 282
599 788
600 74
600 264
601 118
601 195
602 9
602 78
602 116
602 222
602 384
602 401
602 603
603 15
603 170
604 236
604 304
605 606
605 610
606 46
606 433
606 607
606 608
607 124
607 252
608 23
608 609
609 90
609 430
610 611
610 614
610 615
610 616
610 617
610 618
610 620
611 369
611 612
612 226
612 613
613 63
613 92
614 1
614 52
615 153
615 360
616 215
616 280
617 305
617 419
618 435
618 619
619 62
619 82
620 55
620 254
621 622
621 647
621 668
622 623
622 643
623 139
623 171
623 624
623 630
623 634
623 636
623 638
623 639
623 640
624 625
624 628
625 326
625 626
625 627
625 742
625 743
626 370
626 373
627 302
627 381
628 329
628 629
629 44
629 243
630 125
630 631
630 632
631 18
631 36
632 633
632 773
633 263
633 432
634 421
634 635
635 168
635 188
635 390
635 403
635 406
636 28
636 637
637 160
637 197
637 315
638 275
638 290
639 255
639 331
640 270
640 372
640 641
640 642
641 134
641 276
642 422
642 423
643 644
643 645
644 207
644 336
645 646
645 781
646 149
646 177
647 205
647 648
647 652
647 656
647 659
647 661
647 662
647 663
647 664
647 665
647 770
648 649
648 650
649 37
649 239
650 114
650 651
651 81
651 747
652 96
652 653
652 654
652 655
653 246
653 257
654 291
654 382
655 152
655 399
656 657
656 658
657 293
657 314
658 344
658 418
659 431
659 660
660 106
660 155
661 60
661 141
662 158
662 408
663 245
663 337
664 414
664 428
665 120
665 128
665 208
665 378
665 387
665 666
665 667
665 785
666 24
666 54
667 135
667 244
668 669
668 671
669 670
669 776
669 777
670 405
670 410
671 295
671 374
672 673
672 686
673 164
673 674
673 679
674 675
674 678
675 262
675 285
675 366
675 676
676 234
676 677
677 216
677 292
678 272
678 298
679 680
679 682
679 683
680 72
680 681
681 91
681 415
682 211
682 274
682 287
682 288
682 340
682 343
682 377
683 684
683 685
684 324
684 352
685 339
685 359
686 133
686 203
687 688
687 695
688 689
688 693
689 690
689 692
690 301
690 691
691 84
691 328
692 67
692 232
693 105
693 694
694 68
694 182
695 85
695 696
696 224
696 350
697 698
697 701
697 703
698 699
698 700
698 738
699 13
699 35
699 50
700 127
700 289
701 10
701 702
702 0
702 17
702 21
703 151
703 704
704 705
704 759
704 812
705 146
705 165
706 707
706 710
706 713
706 716
706 717
707 103
707 708
708 393
708 709
709 58
709 316
710 20
710 711
710 712
711 241
711 327
712 16
712 22
713 714
713 715
714 231
714 342
715 94
715 402
716 11
716 30
717 200
717 718
718 27
718 317
718 389
718 404
718 719
719 157
719 185
720 253
720 721
721 100
721 111
721 191
722 73
722 281
722 723
723 26
723 162
724 150
724 725
725 76
725 726
726 300
726 395
727 227
727 299
728 729
728 730
728 731
729 142
729 175
730 330
730 425
731 32
731 320
732 119
732 169
732 206
732 322
732 348
732 434
732 733
732 734
733 190
733 821
734 735
734 736
735 77
735 420
736 7
736 737
737 71
737 791
738 739
738 740
738 741
744 745
744 746
747 748
747 749
750 751
750 752
753 754
753 755
756 757
756 758
759 760
759 761
762 763
762 764
767 768
767 769
770 771
770 772
773 774
773 775
778 779
778 780
781 782
781 783
781 784
785 786
785 787
788 789
788 790
791 792
791 793
791 794
795 796
795 797
801 802
801 803
806 807
806 808
809 810
809 811
812 813
812 814
815 816
815 817
818 819
818 820
821 822
821 823
824 825
824 826
827 437
