453 454
453 730
453 796
454 455
454 589
455 456
455 558
455 569
456 457
456 535
457 458
457 518
458 459
458 473
459 460
459 466
460 164
460 461
461 173
461 229
461 462
461 463
461 465
462 211
462 815
462 816
463 167
463 227
463 464
464 160
464 226
465 179
465 208
466 467
466 468
466 470
467 201
467 231
468 210
468 228
468 469
469 168
469 206
470 471
470 472
471 188
471 293
472 237
472 826
473 474
473 515
474 475
474 507
475 476
475 482
475 494
476 477
476 480
476 481
477 396
477 478
478 269
478 479
479 256
479 303
480 357
480 395
481 248
481 268
482 483
482 492
483 16
483 34
483 484
483 485
484 20
484 44
484 46
485 19
485 28
485 38
485 40
485 51
485 486
485 487
485 488
485 489
485 490
486 3
486 58
487 62
487 82
488 42
488 78
489 25
489 43
490 31
490 491
491 11
491 50
492 493
492 804
493 260
493 334
493 361
494 495
494 500
495 496
495 499
496 8
496 29
496 49
496 497
496 498
497 1
497 48
498 24
498 26
498 70
498 81
499 438
499 452
500 501
500 504
501 436
501 502
502 441
502 503
503 432
503 440
504 158
504 505
505 425
505 506
506 309
506 442
507 508
507 513
508 509
508 510
509 424
509 434
509 447
510 53
510 511
510 512
511 412
511 418
512 242
512 415
513 358
513 514
514 215
514 236
515 516
515 517
516 21
516 263
517 60
517 66
518 519
518 528
519 273
519 520
520 521
520 522
520 523
520 524
521 55
521 69
522 6
522 7
523 5
523 18
524 35
524 41
524 525
525 57
525 526
526 56
526 84
526 527
527 0
527 27
527 54
528 529
528 531
528 533
529 427
529 530
530 428
530 435
530 439
530 444
530 445
530 446
531 36
531 532
532 180
532 207
532 222
533 22
533 534
534 59
534 146
535 536
535 557
536 537
536 555
537 538
537 552
538 174
538 281
538 539
538 547
538 550
539 540
539 545
540 541
540 543
541 335
541 542
542 277
542 315
542 410
543 257
543 544
544 321
544 367
545 312
545 546
546 205
546 426
547 298
547 548
548 32
548 549
549 45
549 86
550 176
550 342
550 551
551 280
551 311
552 553
552 554
553 63
553 85
554 142
554 302
555 181
555 556
556 402
556 450
557 52
557 431
558 559
558 566
559 560
559 564
560 300
560 561
561 105
561 113
561 117
561 131
561 136
561 137
561 138
561 562
561 563
562 91
562 121
563 104
563 126
564 122
564 565
565 243
565 373
565 414
566 567
566 568
567 151
567 192
568 190
568 406
569 570
569 583
570 305
570 571
571 572
571 581
572 250
572 573
573 574
573 578
574 247
574 284
574 347
574 380
574 394
574 575
574 576
574 577
575 267
575 308
575 314
576 374
576 809
577 363
577 379
578 579
578 580
579 93
579 340
580 246
580 288
580 356
581 274
581 582
582 290
582 416
583 584
583 587
584 437
584 443
584 585
584 586
585 433
585 807
585 808
586 423
586 448
587 378
587 588
588 74
588 79
589 590
589 719
589 726
589 727
590 99
590 150
590 591
590 676
590 688
590 700
590 707
590 712
590 716
590 717
591 592
591 613
591 641
592 593
592 612
593 594
593 602
594 595
594 598
595 230
595 596
596 233
596 597
597 161
597 351
598 254
598 599
599 600
599 601
600 115
600 132
601 96
601 125
601 183
602 603
602 608
603 604
603 605
604 326
604 383
605 316
605 606
606 376
606 607
607 253
607 276
608 609
608 610
609 338
609 399
610 171
610 611
611 327
611 344
612 191
612 349
613 614
613 623
614 232
614 615
615 385
615 616
616 617
616 618
616 619
616 622
617 30
617 76
618 4
618 10
619 9
619 620
620 61
620 83
620 621
621 39
621 80
622 13
622 15
623 624
623 634
624 625
624 626
624 628
624 629
625 170
625 198
626 204
626 451
626 627
627 165
627 212
628 155
628 182
629 630
629 631
630 156
630 175
631 632
631 633
632 177
632 216
633 224
633 238
634 635
634 636
635 289
635 304
636 637
636 640
637 638
637 639
638 197
638 202
639 162
639 223
640 187
640 241
641 642
641 649
642 643
642 644
643 128
643 147
644 143
644 645
644 648
645 646
645 647
646 124
646 134
647 116
647 123
648 95
648 107
649 650
649 675
650 651
650 674
651 652
651 658
652 653
652 655
653 282
653 375
653 401
653 654
654 352
654 812
655 186
655 656
656 310
656 657
657 200
657 225
658 354
658 659
658 665
658 669
658 670
658 671
659 660
659 661
660 98
660 149
661 662
661 663
661 664
662 97
662 133
663 94
663 148
664 106
664 119
665 666
665 667
666 154
666 163
667 217
667 668
668 127
668 214
669 419
669 429
670 372
670 417
671 672
671 673
672 296
672 388
673 390
673 430
674 319
674 322
675 169
675 239
676 172
676 677
677 678
677 687
678 679
678 681
678 682
679 364
679 680
680 365
680 391
681 278
681 360
682 318
682 397
682 400
682 413
682 683
682 684
682 685
683 368
683 369
684 329
684 384
685 285
685 686
686 262
686 421
687 297
687 313
688 362
688 689
689 690
689 698
690 346
690 420
690 691
690 692
691 283
691 404
692 693
692 694
692 697
693 291
693 292
694 325
694 331
694 695
695 386
695 696
696 355
696 377
697 294
697 353
697 370
697 389
698 403
698 699
699 301
699 328
700 701
700 702
701 199
701 221
702 703
702 704
703 350
703 405
704 705
704 706
705 258
705 392
706 203
706 345
707 708
707 822
708 709
708 711
709 336
709 710
710 259
710 266
711 102
711 255
712 713
712 715
713 299
713 714
714 195
714 286
715 157
715 235
716 189
716 249
717 219
717 718
718 279
718 307
719 720
719 723
720 409
720 721
720 722
721 306
721 359
722 320
722 387
723 271
723 724
724 265
724 725
725 272
725 393
726 270
726 382
727 728
727 729
728 17
728 264
729 324
729 341
730 731
730 762
731 732
731 748
732 733
732 747
733 734
733 746
734 735
734 737
734 742
735 109
735 129
735 130
735 736
736 110
736 114
736 120
737 738
737 740
738 101
738 739
739 103
739 135
740 139
740 741
741 144
741 152
742 743
742 745
743 112
743 744
744 90
744 92
745 108
745 111
745 118
745 140
745 153
746 88
746 100
747 67
747 194
748 749
748 755
749 750
749 752
750 411
750 751
751 295
751 330
752 72
752 209
752 753
753 196
753 754
754 166
754 245
755 756
755 757
756 287
756 339
757 758
757 760
758 71
758 759
759 89
759 234
760 371
760 761
761 333
761 817
762 763
762 786
762 793
763 764
763 781
764 765
764 775
765 766
765 769
766 184
766 240
766 767
767 159
767 768
768 178
768 820
768 821
769 770
769 772
770 348
770 771
771 12
771 77
772 33
772 47
772 773
772 774
773 2
773 801
774 23
774 64
775 776
775 780
776 252
776 777
777 220
777 778
777 779
778 408
778 422
779 275
779 407
780 185
780 381
781 782
781 784
782 337
782 783
783 317
783 343
784 251
784 785
785 244
785 366
786 787
786 789
787 37
787 788
788 73
788 75
789 790
789 791
790 141
790 145
791 332
791 792
792 213
792 261
793 68
793 794
794 795
794 829
795 193
795 323
796 797
796 800
797 398
797 798
798 218
798 799
799 14
799 449
800 65
800 87
801 802
801 803
804 805
804 806
809 810
809 811
812 813
812 814
817 818
817 819
822 823
822 824
822 825
826 827
826 828
829 830
829 831
832 453
