413 414
413 456
413 513
413 549
413 568
413 580
413 605
413 610
413 616
413 620
413 625
413 628
413 630
413 636
413 638
413 642
413 646
413 648
413 655
414 415
414 450
415 416
415 449
416 417
416 448
417 418
417 423
418 97
418 190
418 419
418 421
419 420
419 687
419 688
420 112
420 164
421 73
421 203
421 213
421 422
422 82
422 188
423 424
423 426
423 428
423 439
424 76
424 425
425 45
425 100
426 154
426 427
427 99
427 199
428 95
428 125
428 126
428 158
428 209
428 429
428 430
428 431
428 432
428 433
428 434
429 197
429 216
430 84
430 137
431 157
431 187
432 98
432 173
433 117
433 160
434 129
434 435
434 436
435 68
435 92
435 206
435 207
436 42
436 93
436 102
436 155
436 437
436 438
437 219
437 678
438 104
438 139
439 103
439 132
439 141
439 169
439 170
439 174
439 217
439 263
439 330
439 440
439 441
439 442
439 443
439 444
439 445
439 447
439 675
439 681
440 127
440 211
441 48
441 194
442 50
442 120
443 146
443 669
444 86
444 131
444 214
445 178
445 200
445 446
445 684
446 105
446 142
447 54
447 672
448 234
448 362
449 55
449 220
450 451
450 454
451 337
451 452
452 159
452 453
453 298
453 309
454 27
454 455
455 111
455 181
456 191
456 457
456 470
456 493
456 501
457 458
457 463
457 469
458 302
458 305
458 331
458 459
458 461
458 462
459 308
459 338
459 348
459 460
460 240
460 358
461 296
461 350
462 249
462 317
463 464
463 466
464 392
464 465
465 381
465 407
466 143
466 467
467 300
467 395
467 396
467 468
468 379
468 386
469 2
469 280
469 293
470 471
470 481
471 472
471 478
472 369
472 473
473 474
473 477
474 176
474 475
475 43
475 476
476 113
476 116
477 44
477 49
477 198
478 479
478 480
479 252
479 258
480 311
480 334
481 354
481 482
481 484
481 486
481 487
481 488
482 385
482 483
483 69
483 94
483 156
483 166
483 171
483 215
484 248
484 485
485 384
485 406
486 270
486 336
487 29
487 149
488 489
488 490
489 269
489 408
490 12
490 295
490 491
490 492
491 64
491 89
492 291
492 333
492 342
493 494
493 498
493 499
494 495
494 497
495 24
495 85
495 246
495 496
496 62
496 128
497 256
497 278
498 177
498 289
499 161
499 168
499 500
500 121
500 266
501 502
501 505
501 507
501 509
502 32
502 503
503 284
503 504
504 41
504 250
505 349
505 506
506 227
506 247
507 66
507 148
507 150
507 151
507 508
508 133
508 208
509 30
509 115
509 260
509 281
509 324
509 364
509 510
509 511
510 268
510 328
511 13
511 512
512 28
512 261
513 514
513 538
514 515
514 533
515 516
515 519
515 520
515 528
516 186
516 517
517 321
517 518
518 3
518 7
519 267
519 325
520 163
520 229
520 521
520 523
521 370
521 522
522 312
522 340
523 524
523 526
524 292
524 525
525 6
525 10
526 79
526 527
527 304
527 374
528 529
528 530
529 138
529 228
530 182
530 294
530 531
531 88
531 532
532 18
532 23
533 534
533 537
534 535
534 536
535 236
535 251
536 332
536 347
536 352
537 221
537 287
538 539
538 540
539 382
539 398
540 541
540 542
540 543
541 179
541 232
542 38
542 77
543 544
543 546
544 238
544 545
545 226
545 339
546 356
546 547
547 124
547 548
548 136
548 192
549 550
549 559
549 565
550 551
550 558
551 83
551 189
551 239
551 283
551 357
551 383
551 389
551 390
551 394
551 411
551 552
551 554
551 555
551 556
551 557
552 388
552 553
553 403
553 404
554 16
554 152
554 172
555 167
555 401
556 17
556 376
557 393
557 399
558 277
558 378
559 560
559 562
559 563
560 303
560 561
561 231
561 343
562 274
562 363
563 315
563 564
564 275
564 366
565 282
565 355
565 566
565 567
566 410
566 412
567 51
567 400
568 569
568 576
569 70
569 570
570 571
570 574
571 572
571 573
572 118
572 144
573 60
573 109
574 1
574 285
574 320
574 365
574 575
575 273
575 326
576 577
576 578
576 579
577 65
577 218
578 8
578 91
579 265
579 272
580 581
580 589
580 592
580 593
580 596
581 582
581 584
582 183
582 583
583 61
583 122
583 162
584 140
584 184
584 585
584 586
584 587
585 57
585 212
586 96
586 175
587 224
587 588
588 107
588 210
589 130
589 335
589 590
589 591
590 81
590 195
591 71
591 80
591 185
592 87
592 225
592 288
593 594
593 595
594 319
594 346
595 222
595 233
596 597
596 598
596 601
596 602
597 316
597 344
598 599
598 600
599 242
599 353
600 245
600 405
601 262
601 367
602 90
602 603
603 299
603 604
604 114
604 307
605 606
605 607
606 271
606 345
606 360
607 608
607 609
608 67
608 106
609 56
609 237
610 611
610 615
611 612
611 613
611 614
612 20
612 371
613 243
613 259
614 372
614 375
615 276
615 361
616 617
616 619
617 52
617 230
617 618
618 201
618 286
619 37
619 153
620 621
620 622
621 0
621 4
621 9
622 134
622 623
623 31
623 624
624 35
624 290
625 626
625 627
626 204
626 377
627 15
627 147
628 39
628 629
629 110
629 253
630 631
630 634
631 632
631 633
632 380
632 397
633 391
633 409
634 119
634 635
635 46
635 58
635 145
636 63
636 637
637 306
637 329
638 639
638 640
639 22
639 26
640 25
640 33
640 34
640 36
640 641
641 19
641 21
642 205
642 318
642 643
643 40
643 78
643 644
644 59
644 645
645 193
645 351
646 254
646 647
647 387
647 402
648 235
648 649
649 5
649 650
650 651
650 652
651 264
651 297
652 653
652 654
653 47
653 341
654 135
654 359
655 255
655 656
655 657
655 659
655 661
655 662
655 663
656 165
656 180
657 658
657 689
658 301
658 323
659 74
659 660
660 223
660 257
661 241
661 322
662 11
662 244
663 14
663 72
663 196
663 202
663 310
663 313
663 314
663 664
663 665
663 666
663 667
664 123
664 279
665 75
665 101
666 53
666 373
667 108
667 668
668 327
668 368
669 670
669 671
672 673
672 674
675 676
675 677
678 679
678 680
681 682
681 683
684 685
684 686
689 690
689 691
692 413
