46 2
46 3
46 4
46 12
46 13
46 14
46 16
46 18
46 19
46 20
46 23
46 26
46 27
46 32
46 34
46 36
46 37
46 39
46 42
46 43
46 44
46 47
46 48
46 49
46 50
46 51
46 52
46 53
46 54
46 57
46 58
46 59
46 60
46 61
46 141
46 144
46 190
46 193
46 199
46 204
46 205
46 206
46 207
46 208
46 209
46 210
46 211
46 212
46 213
46 214
46 215
46 216
46 217
46 218
46 219
46 220
46 221
46 222
46 223
46 224
46 225
46 226
46 227
46 228
46 229
46 230
46 231
46 232
46 233
46 234
46 235
46 236
46 237
46 238
46 239
46 240
46 241
46 242
46 243
46 244
46 245
46 266
46 302
46 343
46 381
46 391
46 404
46 419
46 426
46 432
46 436
46 445
46 448
46 452
46 461
47 9
47 338
47 359
47 360
47 361
47 362
47 363
47 364
47 365
47 366
47 367
47 368
47 369
47 370
47 371
47 372
47 373
47 374
47 375
47 376
47 377
47 378
47 379
47 380
48 387
48 388
48 389
48 390
48 456
49 7
49 17
49 30
49 329
49 330
49 331
49 332
49 333
49 334
49 335
49 336
49 337
50 25
50 33
51 10
51 45
51 263
52 0
52 15
52 349
53 22
53 28
53 40
54 6
54 55
54 56
54 252
54 305
55 31
55 41
56 5
56 8
56 21
57 1
57 38
58 11
58 29
58 255
58 256
58 257
58 258
58 259
58 260
58 261
58 262
59 24
59 246
59 247
59 248
59 249
59 250
59 251
60 35
60 321
60 385
60 386
60 440
61 62
61 63
61 64
61 65
61 66
61 67
61 68
61 69
61 70
61 71
61 72
61 73
61 74
61 75
61 76
61 77
61 78
61 79
61 80
61 81
61 82
61 83
61 84
61 85
61 86
61 87
61 88
61 89
61 90
61 91
61 92
61 93
61 94
61 95
61 96
61 97
61 98
61 99
61 100
61 101
61 102
61 103
61 104
61 105
61 106
61 107
61 108
61 109
61 110
61 111
61 112
61 113
61 114
61 115
61 116
61 117
61 118
61 119
61 120
61 121
61 122
61 123
61 124
61 125
61 126
61 127
61 128
61 129
61 130
61 131
61 132
61 133
61 134
61 135
61 136
61 137
61 138
61 139
61 140
141 142
141 143
144 145
144 146
144 147
144 148
144 149
144 150
144 151
144 152
144 153
144 154
144 155
144 156
144 157
144 158
144 159
144 160
144 161
144 162
144 163
144 164
144 165
144 166
144 167
144 168
144 169
144 170
144 171
144 172
144 173
144 174
144 175
144 176
144 177
144 178
144 179
144 180
144 181
144 182
144 183
144 184
144 185
144 186
144 187
144 188
144 189
190 191
190 192
193 194
193 195
193 196
193 197
193 198
199 200
199 201
199 202
199 203
252 253
252 254
263 264
263 265
266 267
266 268
266 269
266 270
266 271
266 272
266 273
266 274
266 275
266 276
266 277
266 278
266 279
266 280
266 281
266 282
266 283
266 284
266 285
266 286
266 287
266 288
266 289
266 290
266 291
266 292
266 293
266 294
266 295
266 296
266 297
266 298
266 299
266 300
266 301
302 303
302 304
305 306
305 307
305 308
305 309
305 310
305 311
305 312
305 313
305 314
305 315
305 316
305 317
305 318
305 319
305 320
321 322
321 323
321 324
321 325
321 326
321 327
321 328
338 339
338 340
338 341
338 342
343 344
343 345
343 346
343 347
343 348
349 350
349 351
349 352
349 353
349 354
349 355
349 356
349 357
349 358
381 382
381 383
381 384
391 392
391 393
391 394
391 395
391 396
391 397
391 398
391 399
391 400
391 401
391 402
391 403
404 405
404 406
404 407
404 408
404 409
404 410
404 411
404 412
404 413
404 414
404 415
404 416
404 417
404 418
419 420
419 421
419 422
419 423
419 424
419 425
426 427
426 428
426 429
426 430
426 431
432 433
432 434
432 435
436 437
436 438
436 439
440 441
440 442
440 443
440 444
445 446
445 447
448 449
448 450
448 451
452 453
452 454
452 455
456 457
456 458
456 459
456 460
461 462
461 463
464 46
