333 24
333 61
333 83
333 113
333 165
333 175
333 207
333 218
333 247
333 250
333 270
333 279
333 284
333 301
333 334
333 378
333 424
333 438
333 447
333 456
333 461
333 463
333 476
333 478
333 481
333 483
333 484
333 485
333 489
333 490
333 491
333 495
333 496
333 497
333 498
333 499
334 335
334 375
334 376
335 6
335 336
336 35
336 48
336 179
336 236
336 254
336 305
336 326
336 337
336 341
336 349
336 352
336 354
336 363
336 366
336 367
336 368
336 369
336 370
336 371
336 372
337 44
337 219
337 338
338 339
338 340
339 79
339 293
339 509
339 510
340 276
340 318
340 319
341 342
341 344
342 49
342 53
342 64
342 343
342 548
342 549
343 65
343 68
343 84
344 155
344 345
344 346
345 223
345 541
346 347
346 348
347 89
347 311
348 56
348 327
349 350
349 351
350 45
350 73
351 74
351 119
352 8
352 133
352 332
352 353
353 148
353 262
354 118
354 127
354 242
354 330
354 355
354 356
354 357
354 358
354 359
354 360
355 52
355 82
356 194
356 233
357 18
357 323
358 60
358 312
359 31
359 77
359 315
359 328
360 28
360 63
360 308
360 361
361 307
361 325
361 362
361 517
361 518
361 519
361 520
361 521
361 522
361 523
361 524
361 525
361 526
362 320
362 331
363 364
363 365
364 98
364 151
365 92
365 137
365 156
366 30
366 144
367 38
367 303
368 67
368 158
369 21
369 34
370 78
370 106
371 70
371 185
372 309
372 314
372 373
372 374
373 141
373 299
374 163
374 168
374 199
375 114
375 124
375 130
376 294
376 377
377 187
377 246
378 12
378 215
378 260
378 379
378 395
378 408
378 417
378 418
378 420
378 423
379 186
379 244
379 380
379 384
379 387
379 391
379 392
379 393
379 394
380 41
380 381
381 9
381 37
381 382
382 10
382 383
382 532
382 544
382 545
382 546
382 547
383 11
383 20
384 75
384 265
384 385
385 51
385 386
386 80
386 86
387 388
387 390
388 209
388 389
389 205
389 255
390 125
390 258
391 54
391 281
392 132
392 245
393 90
393 266
394 197
394 251
395 164
395 396
396 102
396 117
396 122
396 159
396 174
396 217
396 397
396 399
396 401
396 403
396 405
396 406
396 407
396 514
396 527
397 243
397 296
397 398
398 297
398 302
399 177
399 400
400 240
400 256
401 253
401 402
402 153
402 530
402 531
403 1
403 17
403 249
403 278
403 404
404 149
404 150
405 42
405 237
406 111
406 129
407 101
407 231
408 180
408 225
408 409
408 410
408 412
408 414
408 415
408 416
409 14
409 535
410 87
410 411
411 123
411 241
412 235
412 413
413 5
413 25
414 105
414 166
415 222
415 239
416 7
416 94
417 167
417 290
418 23
418 419
419 2
419 33
420 421
420 422
421 181
421 226
421 229
422 228
422 263
423 204
423 291
424 214
424 425
424 431
425 426
425 428
426 126
426 427
427 142
427 300
428 429
428 430
429 195
429 198
430 76
430 178
431 58
431 69
431 201
431 432
431 433
431 437
432 22
432 26
433 434
433 435
434 57
434 88
434 100
434 238
434 261
434 313
435 95
435 321
435 436
436 182
436 503
437 146
437 172
438 439
438 445
439 440
439 442
439 444
440 200
440 208
440 221
440 234
440 267
440 441
440 506
441 220
441 264
442 27
442 39
442 443
442 501
442 502
443 4
443 46
444 143
444 277
444 280
445 230
445 446
446 173
446 196
447 202
447 448
447 450
447 451
448 134
448 232
448 449
449 184
449 193
450 136
450 224
451 32
451 452
452 40
452 453
453 120
453 189
453 454
454 145
454 455
455 103
455 259
456 138
456 183
456 457
456 460
457 160
457 458
458 93
458 115
458 131
458 459
459 108
459 112
460 104
460 161
461 3
461 16
461 19
461 47
461 462
461 538
462 15
462 36
463 50
463 99
463 135
463 154
463 269
463 271
463 288
463 298
463 324
463 464
463 467
463 469
463 473
463 474
463 475
464 465
464 466
465 283
465 295
466 121
466 317
467 96
467 468
468 81
468 169
468 310
469 203
469 470
469 471
470 139
470 212
471 147
471 268
471 472
472 55
472 192
473 85
473 275
474 128
474 252
475 210
475 213
476 110
476 116
476 477
477 107
477 152
478 109
478 188
478 479
479 227
479 480
480 66
480 71
480 216
481 285
481 289
481 306
481 482
482 286
482 292
483 91
483 140
483 162
484 157
484 316
485 13
485 486
486 487
486 488
487 211
487 282
488 170
488 206
489 322
489 329
490 29
490 273
491 257
491 492
491 493
492 191
492 272
493 97
493 494
494 176
494 248
495 59
495 72
496 171
496 190
497 0
497 304
498 43
498 287
499 62
499 500
500 274
500 511
503 504
503 505
506 507
506 508
511 512
511 513
514 515
514 516
527 528
527 529
532 533
532 534
535 536
535 537
538 539
538 540
541 542
541 543
550 333
