303 260
303 304
303 337
303 377
303 392
303 408
303 416
303 422
303 434
303 439
303 443
303 446
303 448
303 449
303 450
303 451
303 456
304 305
304 320
304 332
305 70
305 306
305 310
305 311
306 4
306 8
306 16
306 22
306 29
306 38
306 41
306 42
306 307
306 308
306 309
306 458
306 459
306 460
307 3
307 18
307 28
307 31
308 37
308 49
309 27
309 50
310 231
310 247
311 312
311 317
312 15
312 34
312 313
312 314
312 315
313 5
313 14
313 20
313 35
313 44
314 17
314 19
315 47
315 316
316 21
316 43
317 178
317 237
317 275
317 318
317 319
318 206
318 214
319 175
319 250
320 321
320 327
321 96
321 322
322 181
322 190
322 194
322 246
322 323
322 325
322 326
322 464
323 167
323 324
324 164
324 267
325 239
325 282
326 207
326 265
327 328
327 330
328 202
328 244
328 256
328 329
329 204
329 252
330 296
330 331
331 241
331 253
332 333
332 336
333 334
333 335
334 189
334 240
334 285
335 2
335 46
336 261
336 288
337 338
337 352
337 368
337 370
337 375
338 339
338 350
339 340
339 348
340 341
340 344
341 36
341 342
342 9
342 343
343 10
343 45
344 7
344 11
344 23
344 24
344 40
344 345
344 347
345 12
345 346
346 6
346 13
347 30
347 32
348 26
348 349
349 25
349 215
350 269
350 351
351 48
351 165
352 248
352 353
353 58
353 66
353 76
353 93
353 94
353 113
353 123
353 354
353 355
353 356
353 357
353 359
353 360
353 361
353 362
353 363
353 364
353 366
353 367
353 467
353 468
354 52
354 74
354 115
354 117
354 125
355 138
355 143
356 140
356 141
356 159
356 473
357 358
357 479
358 57
358 88
359 86
359 121
360 60
360 85
361 132
361 137
362 77
362 110
363 144
363 158
364 81
364 133
364 155
364 365
365 65
365 78
365 89
365 97
365 109
365 148
366 150
366 476
367 91
367 130
368 198
368 211
368 278
368 369
369 236
369 273
370 33
370 371
371 1
371 372
372 129
372 373
372 374
373 39
373 161
374 99
374 152
375 292
375 376
376 61
376 104
377 378
377 385
377 390
378 186
378 379
379 63
379 68
379 106
379 380
379 384
380 71
380 73
380 82
380 111
380 114
380 124
380 126
380 162
380 381
380 382
380 383
381 53
381 118
381 127
382 67
382 108
383 122
383 135
384 51
384 151
385 386
385 387
386 75
386 100
386 131
386 145
386 156
387 281
387 388
388 154
388 389
389 0
389 128
390 72
390 391
391 228
391 302
392 393
392 400
393 394
393 396
394 176
394 188
394 196
394 208
394 212
394 395
395 242
395 263
395 279
396 229
396 238
396 254
396 284
396 286
396 397
396 398
396 399
397 139
397 171
397 270
398 195
398 199
399 192
399 230
400 182
400 220
400 401
400 402
400 403
400 404
400 405
400 406
401 163
401 210
402 283
402 461
403 174
403 219
404 179
404 193
405 172
405 255
406 277
406 407
407 216
407 222
408 409
408 414
409 55
409 83
409 157
409 410
409 413
410 62
410 64
410 92
410 105
410 149
410 411
410 412
411 95
411 101
412 90
412 107
412 147
413 69
413 98
414 112
414 201
414 280
414 415
415 249
415 258
416 417
416 419
416 420
417 418
417 482
417 483
418 289
418 290
418 295
419 287
419 291
419 293
419 297
419 298
419 299
419 300
420 184
420 421
421 102
421 177
422 423
422 428
423 424
423 426
424 56
424 59
424 425
425 116
425 146
426 80
426 153
426 160
426 427
427 79
427 84
428 429
428 430
429 166
429 259
430 431
430 432
431 119
431 142
432 264
432 433
433 103
433 134
434 435
434 437
435 224
435 436
436 136
436 268
437 226
437 243
437 438
438 217
438 232
439 183
439 221
439 440
439 441
440 87
440 213
441 200
441 442
441 469
442 257
442 274
443 444
443 445
444 225
444 272
445 170
445 276
446 168
446 185
446 197
446 245
446 266
446 447
447 205
447 262
448 180
448 223
449 294
449 301
450 187
450 251
451 120
451 452
452 453
452 454
453 234
453 235
454 54
454 169
454 191
454 227
454 455
455 209
455 218
455 233
456 271
456 457
457 173
457 203
461 462
461 463
464 465
464 466
469 470
469 471
469 472
473 474
473 475
476 477
476 478
479 480
479 481
484 303
