267 59
267 140
267 147
267 190
267 200
267 227
267 264
267 268
267 290
267 332
267 340
267 347
267 352
267 355
267 360
267 361
267 364
267 367
267 368
267 369
267 370
267 371
267 372
267 373
267 393
268 269
268 272
268 289
269 270
269 271
270 31
270 63
270 65
270 105
270 121
270 405
271 112
271 128
272 39
272 44
272 48
272 77
272 96
272 120
272 129
272 137
272 139
272 153
272 273
272 278
272 279
272 280
272 282
272 283
272 284
272 285
272 286
272 288
273 42
273 117
273 165
273 177
273 274
273 275
273 276
273 277
274 72
274 123
275 100
275 170
276 18
276 125
277 35
277 99
278 12
278 53
278 70
279 41
279 183
280 38
280 281
281 85
281 396
282 127
282 154
283 86
283 87
284 81
284 95
284 167
284 172
284 182
284 403
284 404
285 107
285 145
286 37
286 76
286 110
286 287
287 15
287 374
288 161
288 168
289 162
289 164
290 291
290 300
290 304
290 317
291 292
291 298
292 209
292 214
292 221
292 222
292 231
292 293
292 295
292 296
292 297
293 224
293 294
294 215
294 235
295 220
295 243
296 234
296 252
297 237
297 258
298 4
298 299
299 217
299 251
300 28
300 301
301 302
301 303
302 55
302 62
302 71
302 122
303 11
303 171
303 208
304 32
304 94
304 130
304 178
304 232
304 233
304 305
304 307
304 316
305 103
305 306
306 10
306 33
306 50
307 19
307 36
307 58
307 66
307 83
307 98
307 109
307 134
307 135
307 136
307 143
307 159
307 173
307 179
307 308
307 310
307 311
307 312
307 313
307 314
307 315
307 400
307 401
307 402
308 309
308 390
309 16
309 49
310 116
310 146
311 26
311 68
312 8
312 124
313 60
313 89
314 152
314 160
315 30
315 101
316 21
316 102
316 148
317 7
317 9
317 17
317 24
317 43
317 45
317 54
317 73
317 74
317 79
317 97
317 106
317 119
317 142
317 144
317 149
317 151
317 156
317 166
317 181
317 318
317 319
317 320
317 321
317 322
317 323
317 325
317 326
317 327
317 328
317 329
317 330
317 331
317 387
318 47
318 93
318 115
318 133
319 1
319 5
319 150
320 29
320 174
321 92
321 155
322 57
322 169
323 91
323 324
324 52
324 108
325 13
325 14
326 51
326 61
327 25
327 408
327 409
328 67
328 138
329 20
329 75
329 90
329 114
330 132
330 163
331 23
331 176
332 333
332 335
332 338
333 185
333 189
333 191
333 193
333 201
333 334
334 206
334 380
334 384
335 186
335 198
335 336
335 337
336 192
336 204
337 187
337 203
338 2
338 339
339 188
339 202
340 213
340 228
340 238
340 241
340 244
340 245
340 247
340 254
340 341
340 345
340 346
341 342
341 344
342 260
342 343
343 216
343 377
344 226
344 262
345 218
345 225
345 236
345 249
345 259
346 229
346 250
347 348
347 351
348 266
348 349
349 197
349 350
350 3
350 6
351 212
351 246
352 56
352 64
352 111
352 113
352 118
352 126
352 157
352 199
352 210
352 353
352 354
353 131
353 180
354 27
354 175
355 356
355 358
356 255
356 357
357 219
357 239
357 240
358 195
358 359
359 223
359 256
359 257
360 78
360 88
361 261
361 265
361 362
362 80
362 363
363 22
363 82
364 0
364 365
364 366
365 46
365 84
365 104
366 253
366 263
367 34
367 40
368 242
368 248
369 141
369 211
370 184
370 230
371 196
371 207
372 69
372 158
373 194
373 205
374 375
374 376
377 378
377 379
380 381
380 382
380 383
384 385
384 386
387 388
387 389
390 391
390 392
393 394
393 395
396 397
396 398
396 399
405 406
405 407
410 267
