250 251
250 361
250 407
251 252
251 305
251 331
252 175
252 253
252 285
252 293
252 299
252 300
252 301
253 184
253 223
253 227
253 254
253 260
253 261
253 276
253 278
253 279
254 255
254 256
255 27
255 114
256 155
256 169
256 172
256 257
256 258
257 154
257 419
258 18
258 150
258 259
259 201
259 231
260 138
260 168
260 187
260 412
260 415
260 416
260 417
260 418
260 437
261 262
261 265
262 80
262 166
262 193
262 198
262 212
262 263
262 264
263 151
263 162
263 163
264 165
264 422
264 423
265 153
265 209
265 215
265 225
265 242
265 266
265 267
265 268
265 270
265 273
265 274
265 275
266 236
266 240
267 10
267 182
268 11
268 229
268 269
269 222
269 232
270 224
270 243
270 271
271 31
271 272
271 444
272 218
272 230
273 60
273 221
274 68
274 248
275 220
275 235
275 239
276 237
276 277
277 180
277 205
278 12
278 216
279 280
279 282
279 283
280 219
280 281
281 176
281 245
282 161
282 213
283 228
283 234
283 241
283 284
284 160
284 238
285 286
285 287
285 288
285 289
285 290
286 134
286 140
286 145
286 179
286 186
287 135
287 190
287 191
288 157
288 164
289 171
289 206
290 203
290 291
290 292
290 427
290 428
290 429
290 430
290 431
290 440
291 159
291 173
292 200
292 211
293 120
293 294
294 295
294 296
295 13
295 136
295 249
296 297
296 298
297 16
297 21
298 115
298 127
299 214
299 226
299 233
300 4
300 9
300 14
300 170
301 302
301 303
302 8
302 17
302 410
302 411
303 50
303 304
304 101
304 117
305 306
305 325
305 329
306 96
306 307
306 317
306 322
306 324
307 33
307 308
308 309
308 314
309 49
309 310
309 311
310 51
310 86
311 312
311 313
312 62
312 90
313 47
313 59
313 63
313 95
314 35
314 70
314 315
315 30
315 316
316 25
316 91
317 65
317 318
318 94
318 319
318 320
318 321
319 43
319 464
320 20
320 66
321 46
321 72
321 82
322 57
322 323
323 52
323 89
324 36
324 76
325 53
325 326
325 327
326 26
326 42
326 56
327 75
327 328
328 71
328 87
329 34
329 330
330 38
330 39
331 332
331 340
331 344
331 346
332 192
332 247
332 333
332 336
332 337
333 334
333 335
334 98
334 177
335 5
335 7
336 105
336 121
337 2
337 104
337 338
338 181
338 339
339 78
339 93
340 64
340 341
340 342
341 111
341 125
342 194
342 343
343 6
343 210
344 81
344 345
345 54
345 58
345 461
346 347
346 355
346 357
346 360
347 348
347 349
348 106
348 118
349 350
349 351
350 0
350 119
351 178
351 352
351 353
352 146
352 189
353 99
353 354
354 112
354 132
355 188
355 356
356 217
356 244
356 448
356 449
357 358
357 359
358 156
358 202
359 24
359 109
360 107
360 139
361 362
361 389
361 397
362 363
362 376
362 382
363 364
363 368
363 375
364 110
364 365
365 103
365 116
365 366
365 367
366 102
366 124
367 123
367 126
367 467
367 468
367 469
367 470
368 137
368 142
368 149
368 158
368 183
368 199
368 369
368 371
368 374
368 432
368 433
369 152
369 370
370 143
370 196
370 424
371 372
371 373
372 167
372 197
373 208
373 434
374 141
374 144
375 40
375 48
375 61
376 377
376 380
377 378
377 379
378 97
378 130
378 133
379 55
379 122
380 204
380 381
381 185
381 207
382 383
382 386
382 388
383 15
383 384
384 385
384 450
385 41
385 113
386 148
386 387
387 1
387 174
388 129
388 195
389 28
389 390
389 394
389 396
390 391
390 392
391 32
391 67
391 83
392 45
392 393
393 19
393 79
393 84
394 69
394 395
395 44
395 453
396 77
396 85
397 398
397 404
398 147
398 399
399 400
399 403
400 401
400 402
401 92
401 456
402 100
402 108
403 128
403 131
404 37
404 405
404 406
405 29
405 88
405 459
405 460
406 23
406 73
407 408
407 409
408 3
408 246
409 22
409 74
412 413
412 414
419 420
419 421
424 425
424 426
434 435
434 436
437 438
437 439
440 441
440 442
440 443
444 445
444 446
444 447
450 451
450 452
453 454
453 455
456 457
456 458
461 462
461 463
464 465
464 466
471 250
