229 63
229 68
229 92
229 101
229 203
229 205
229 208
229 230
229 319
229 325
229 332
229 338
229 339
230 231
230 252
230 291
230 298
230 303
231 48
231 72
231 77
231 116
231 232
231 250
231 344
231 345
232 233
232 239
232 247
232 248
232 360
233 182
233 234
233 237
233 238
234 100
234 235
235 50
235 195
235 236
236 55
236 217
237 111
237 149
238 23
238 98
239 6
239 66
239 113
239 240
239 242
239 243
239 244
239 245
239 246
239 354
240 83
240 241
241 70
241 157
242 103
242 156
243 39
243 117
244 150
244 161
245 109
245 136
246 9
246 218
247 110
247 227
248 139
248 249
248 369
249 49
249 214
249 226
250 19
250 251
251 1
251 106
252 253
252 289
253 254
253 286
254 56
254 175
254 181
254 255
254 280
254 281
254 282
255 256
255 260
255 262
255 269
256 257
256 259
257 129
257 184
257 197
257 258
258 35
258 209
259 28
259 215
260 88
260 261
261 0
261 76
261 115
262 263
262 264
263 36
263 131
264 41
264 97
264 144
264 265
264 266
264 267
264 268
264 340
264 352
264 353
264 357
265 18
265 134
266 147
266 192
267 2
267 219
268 114
268 151
269 11
269 15
269 37
269 47
269 69
269 82
269 112
269 158
269 164
269 179
269 210
269 270
269 271
269 272
269 273
269 274
269 275
269 276
269 277
269 278
269 279
270 93
270 104
270 119
271 53
271 169
271 349
272 171
272 207
273 22
273 222
274 64
274 130
275 154
275 228
276 44
276 155
277 21
277 80
278 187
278 206
279 145
279 363
279 364
279 365
280 12
280 57
281 25
281 160
282 20
282 34
282 188
282 198
282 204
282 221
282 224
282 283
282 284
283 14
283 185
284 212
284 285
285 61
285 105
286 199
286 287
287 146
287 288
288 137
288 190
289 135
289 290
290 62
290 91
290 166
291 74
291 292
291 296
291 297
292 27
292 293
293 60
293 133
293 196
293 294
294 200
294 295
295 7
295 43
296 5
296 54
296 84
296 99
296 124
296 173
296 178
296 189
297 32
297 33
297 346
298 4
298 89
298 153
298 299
298 300
298 301
298 302
299 94
299 191
300 30
300 58
301 45
301 102
302 3
302 42
303 304
303 308
303 314
304 193
304 305
305 65
305 123
305 128
305 163
305 220
305 306
306 121
306 138
306 307
307 95
307 118
308 40
308 51
308 71
308 120
308 211
308 213
308 309
308 310
308 311
308 313
309 46
309 140
310 122
310 223
311 24
311 312
312 176
312 183
313 141
313 186
314 67
314 127
314 315
314 317
314 318
315 225
315 316
316 29
316 107
317 59
317 96
318 52
318 194
319 87
319 320
319 321
319 322
319 323
320 8
320 177
321 180
321 366
322 73
322 90
323 159
323 324
324 75
324 85
325 326
325 330
326 13
326 26
326 327
326 329
327 168
327 328
328 10
328 79
328 148
329 152
329 167
330 78
330 331
331 16
331 38
332 31
332 132
332 170
332 172
332 216
332 333
332 336
332 337
333 81
333 334
334 174
334 335
335 142
335 201
336 86
336 125
337 108
337 162
338 126
338 143
338 165
339 17
339 202
340 341
340 342
340 343
346 347
346 348
349 350
349 351
354 355
354 356
357 358
357 359
360 361
360 362
366 367
366 368
369 370
369 371
372 229
