216 1
216 24
216 112
216 120
216 121
216 159
216 204
216 217
216 231
216 245
216 265
216 274
216 278
216 282
216 290
216 292
216 293
216 295
216 300
216 305
216 307
216 311
216 312
216 314
216 315
216 316
216 319
216 320
216 340
217 35
217 39
217 45
217 56
217 60
217 66
217 69
217 73
217 82
217 83
217 218
217 219
217 220
217 221
217 222
217 223
217 224
217 225
217 226
217 227
217 228
217 229
217 230
218 27
218 36
218 50
218 65
219 20
219 85
220 19
220 88
221 18
221 77
222 40
222 54
223 23
223 43
224 49
224 57
225 59
225 76
226 28
226 53
227 31
227 80
228 26
228 93
229 51
229 71
230 32
230 55
231 37
231 47
231 48
231 52
231 64
231 68
231 72
231 74
231 75
231 90
231 91
231 94
231 172
231 232
231 235
231 238
231 239
231 241
231 243
231 244
232 233
232 234
233 22
233 78
234 21
234 29
234 70
235 25
235 236
235 237
235 349
236 46
236 86
237 17
237 42
238 62
238 84
239 87
239 240
240 30
240 81
241 79
241 242
242 38
242 61
243 92
243 352
243 353
244 41
244 63
245 246
245 260
245 261
246 144
246 192
246 247
246 251
246 253
246 254
247 111
247 125
247 189
247 194
247 248
247 249
247 250
248 106
248 119
248 165
249 123
249 126
250 97
250 131
251 186
251 252
252 117
252 136
253 135
253 162
253 182
254 157
254 161
254 177
254 255
254 256
254 257
254 258
254 259
254 327
254 328
254 329
254 330
254 331
254 332
254 333
254 334
254 337
255 130
255 145
256 180
256 202
257 179
257 193
258 128
258 150
259 114
259 156
260 151
260 188
260 343
261 262
261 263
262 99
262 109
263 110
263 264
264 158
264 190
265 266
265 271
266 134
266 267
266 269
267 16
267 268
267 354
267 355
268 2
268 4
269 5
269 9
269 12
269 13
269 270
269 324
270 7
270 11
271 272
271 273
272 89
272 100
273 0
273 3
274 107
274 108
274 275
274 277
275 98
275 276
276 96
276 101
276 105
277 104
277 118
278 183
278 279
279 148
279 149
279 171
279 280
280 164
280 281
281 146
281 168
282 14
282 170
282 283
282 285
282 286
282 287
283 154
283 284
284 127
284 143
285 122
285 198
286 6
286 178
286 196
287 33
287 288
288 195
288 289
289 44
289 67
290 153
290 215
290 291
291 209
291 211
292 102
292 103
292 152
292 166
293 147
293 294
294 113
294 175
295 138
295 296
295 298
296 95
296 297
297 210
297 212
298 115
298 299
299 174
299 187
300 301
300 302
301 133
301 199
302 116
302 303
303 185
303 304
304 132
304 163
305 160
305 306
306 206
306 207
307 155
307 308
308 173
308 309
309 203
309 310
310 137
310 139
311 167
311 213
312 124
312 176
312 184
312 200
312 313
313 140
313 169
314 58
314 129
315 34
315 191
316 317
316 318
317 8
317 10
318 15
318 141
319 142
319 214
320 201
320 321
320 346
321 322
321 323
322 205
322 208
323 181
323 197
324 325
324 326
334 335
334 336
337 338
337 339
340 341
340 342
343 344
343 345
346 347
346 348
349 350
349 351
356 216
