174 175
174 246
175 176
175 229
176 177
176 227
177 178
177 197
178 179
178 184
178 186
179 180
179 183
180 0
180 9
180 27
180 30
180 105
180 181
180 182
180 318
180 319
180 320
180 321
181 156
181 289
182 5
182 20
183 90
183 173
184 132
184 185
185 100
185 135
186 187
186 191
187 167
187 188
188 189
188 190
189 96
189 113
190 83
190 329
191 192
191 195
192 193
192 194
193 137
193 161
194 138
194 340
194 350
194 351
195 15
195 58
195 99
195 196
196 65
196 89
197 198
197 203
198 110
198 122
198 125
198 199
198 200
198 201
199 130
199 152
200 136
200 166
201 84
201 202
202 22
202 106
203 97
203 204
203 209
204 131
204 205
204 206
204 208
205 111
205 171
206 25
206 134
206 160
206 207
206 337
207 60
207 299
208 3
208 87
209 210
209 211
209 214
209 215
210 54
210 85
211 32
211 94
211 212
212 146
212 213
212 347
213 6
213 24
214 2
214 10
215 216
215 217
215 218
215 219
216 129
216 144
217 61
217 153
218 26
218 39
218 101
219 164
219 220
219 221
220 115
220 123
221 29
221 117
221 121
221 133
221 141
221 162
221 222
221 223
221 224
221 225
221 352
221 353
222 17
222 124
222 142
223 1
223 119
224 11
224 70
225 80
225 104
225 165
225 226
226 118
226 143
227 14
227 228
228 7
228 126
229 230
229 241
230 41
230 149
230 231
230 240
231 37
231 42
231 43
231 56
231 59
231 77
231 232
231 235
231 236
231 237
231 239
232 69
232 233
232 234
233 48
233 78
234 47
234 52
235 62
235 64
236 38
236 46
237 40
237 44
237 51
237 68
237 71
237 75
237 238
238 33
238 82
239 79
239 327
239 328
240 23
240 73
241 242
241 245
242 243
242 244
243 63
243 95
244 50
244 72
245 66
245 170
246 247
246 266
246 287
247 248
247 254
247 258
248 249
248 250
248 253
249 35
249 36
249 53
249 98
250 4
250 31
250 251
250 252
250 354
250 357
250 360
251 19
251 21
252 13
252 303
252 304
252 305
252 306
252 307
252 308
252 309
252 310
252 311
252 312
252 313
252 314
252 315
252 316
252 317
253 114
253 128
254 255
254 257
255 140
255 169
255 256
256 151
256 158
257 81
257 163
258 259
258 260
258 265
259 12
259 18
260 261
260 264
261 262
261 333
262 108
262 263
263 55
263 120
264 102
264 172
265 45
265 155
266 267
266 275
267 268
267 270
267 272
268 34
268 269
269 88
269 93
270 76
270 271
271 112
271 116
272 67
272 273
273 103
273 274
274 28
274 168
275 276
275 278
275 282
275 283
276 159
276 277
277 147
277 157
278 279
278 281
279 91
279 280
280 49
280 107
280 127
281 148
281 150
282 139
282 344
283 57
283 284
284 145
284 285
284 286
285 8
285 86
286 74
286 92
287 109
287 288
288 16
288 154
289 290
289 291
289 292
289 293
289 294
289 295
289 296
289 297
289 298
299 300
299 301
299 302
321 322
321 323
321 324
321 325
321 326
329 330
329 331
329 332
333 334
333 335
333 336
337 338
337 339
340 341
340 342
340 343
344 345
344 346
347 348
347 349
354 355
354 356
357 358
357 359
360 361
360 362
363 174
