105 106
105 146
106 31
106 107
106 121
106 128
106 131
106 136
106 137
106 143
106 144
107 9
107 18
107 77
107 78
107 108
107 110
107 111
107 186
108 38
108 109
109 46
109 79
110 16
110 45
111 4
111 53
111 55
111 66
111 112
111 113
111 114
111 115
111 116
111 117
111 118
111 119
111 120
111 165
111 166
111 167
111 168
111 169
111 170
111 171
111 172
111 173
111 201
111 223
112 59
112 70
113 94
113 176
114 14
114 63
115 24
115 67
116 64
116 179
116 180
117 1
117 75
118 54
118 73
119 41
119 95
120 49
120 62
121 3
121 28
121 43
121 50
121 87
121 122
121 126
122 7
122 123
122 124
122 125
123 84
123 190
124 83
124 199
124 200
125 26
125 181
125 182
125 183
125 184
125 185
126 12
126 127
127 32
127 36
128 35
128 48
128 129
128 130
128 228
129 0
129 215
129 216
130 162
130 163
130 164
130 196
131 40
131 47
131 132
132 133
132 135
133 37
133 58
133 82
133 85
133 134
134 39
134 42
134 60
135 21
135 71
136 5
136 92
136 104
137 96
137 138
138 139
138 140
138 141
139 89
139 103
140 90
140 102
141 99
141 101
141 142
141 208
141 209
142 98
142 210
142 211
143 25
143 81
144 2
144 20
144 29
144 93
144 145
144 212
145 91
145 97
146 8
146 19
146 23
146 57
146 72
146 74
146 80
146 86
146 100
146 147
146 150
146 151
146 152
146 154
146 156
146 157
146 158
146 205
147 6
147 15
147 17
147 44
147 76
147 148
147 149
147 174
147 175
148 22
148 69
149 10
149 11
150 231
150 234
151 51
151 56
152 34
152 88
152 153
152 220
153 159
153 226
153 227
154 155
154 217
155 52
155 65
156 27
156 33
157 30
157 68
158 13
158 61
159 160
159 161
176 177
176 178
186 187
186 188
186 189
190 191
190 192
190 193
190 194
190 195
196 197
196 198
201 202
201 203
201 204
205 206
205 207
212 213
212 214
217 218
217 219
220 221
220 222
223 224
223 225
228 229
228 230
231 232
231 233
234 235
234 236
237 105
