158 20
158 21
158 46
158 51
158 58
158 65
158 68
158 103
158 125
158 148
158 159
158 187
158 196
158 211
158 218
158 239
158 240
159 160
159 164
159 169
160 38
160 161
161 26
161 63
161 85
161 86
161 87
161 130
161 137
161 162
161 163
162 90
162 140
163 12
163 75
164 119
164 165
165 166
165 167
165 168
166 95
166 126
167 7
167 72
168 97
168 107
169 25
169 81
169 170
169 175
169 183
169 185
170 71
170 171
170 173
171 32
171 172
172 108
172 124
173 131
173 174
174 43
174 136
175 44
175 54
175 176
175 178
175 179
175 180
176 33
176 177
177 28
177 142
178 99
178 147
179 2
179 118
180 98
180 117
180 181
180 182
180 241
181 41
181 121
182 96
182 146
183 56
183 94
183 115
183 184
184 49
184 113
185 78
185 186
186 66
186 116
187 47
187 67
187 157
187 188
187 192
187 194
188 0
188 189
189 13
189 190
190 45
190 191
191 101
191 151
192 31
192 141
192 193
193 6
193 9
194 27
194 195
195 111
195 114
195 134
196 74
196 82
196 197
196 201
196 203
196 204
196 205
196 206
196 209
197 198
197 200
198 40
198 57
198 77
198 145
198 199
199 53
199 128
200 37
200 139
201 84
201 202
202 76
202 83
203 8
203 79
203 153
204 36
204 104
205 106
205 129
206 152
206 207
207 55
207 208
208 42
208 112
209 16
209 210
210 5
210 60
211 14
211 212
211 216
211 217
212 213
212 214
213 35
213 105
213 156
213 244
214 11
214 215
215 89
215 132
216 17
216 24
216 64
217 18
217 155
218 219
218 221
218 232
218 234
218 235
219 39
219 220
220 30
220 69
220 91
220 150
221 4
221 61
221 80
221 93
221 123
221 144
221 222
221 224
221 225
221 226
222 29
222 223
223 10
223 59
223 154
224 92
224 100
225 50
225 110
226 15
226 227
227 122
227 127
227 228
227 229
228 34
228 133
229 120
229 230
230 1
230 231
231 19
231 149
232 109
232 233
233 62
233 70
234 23
234 88
235 236
235 237
236 3
236 138
237 73
237 238
238 22
238 48
239 102
239 135
240 52
240 143
241 242
241 243
244 245
244 246
247 158
