125 126
125 207
126 127
126 198
126 200
127 128
127 174
127 184
128 129
128 150
128 168
129 130
129 136
129 139
129 142
129 148
130 61
130 131
130 134
130 135
131 27
131 132
132 67
132 74
132 92
132 133
133 77
133 98
134 8
134 31
135 48
135 100
136 108
136 137
137 39
137 41
137 138
138 228
138 229
138 230
138 231
138 232
138 236
138 243
139 140
139 141
140 68
140 87
141 106
141 111
141 115
142 143
142 147
143 144
143 146
144 71
144 81
144 102
144 145
145 91
145 95
146 17
146 18
147 37
147 239
147 246
147 247
148 60
148 99
148 149
149 26
149 93
150 151
150 165
151 152
151 156
152 153
152 155
153 75
153 97
153 154
154 63
154 82
154 96
155 114
155 233
156 157
156 160
157 0
157 32
157 158
157 159
158 4
158 20
159 5
159 35
160 161
160 162
160 163
161 3
161 12
161 13
162 44
162 52
163 34
163 164
164 7
164 15
164 25
164 29
165 166
165 167
166 69
166 73
167 89
167 118
168 169
168 171
169 170
169 262
170 6
170 10
171 85
171 172
172 78
172 173
173 110
173 113
174 175
174 182
175 176
175 181
176 177
176 179
177 84
177 178
178 16
178 28
178 253
178 254
179 49
179 180
180 112
180 251
180 252
181 121
181 123
182 54
182 183
183 255
183 268
183 269
184 185
184 189
185 186
185 187
185 188
186 72
186 86
187 64
187 104
188 65
188 70
189 190
189 193
189 194
189 196
190 191
190 248
191 38
191 46
191 51
191 192
192 40
192 43
193 11
193 30
193 36
194 9
194 195
195 24
195 57
196 14
196 19
196 197
197 56
197 259
198 103
198 199
199 62
199 94
199 101
200 201
200 204
201 58
201 202
202 33
202 203
203 55
203 59
204 45
204 205
205 88
205 206
206 42
206 76
207 208
207 222
208 23
208 209
208 212
208 218
209 210
209 211
210 80
210 225
211 22
211 50
212 213
212 214
212 215
213 117
213 124
214 53
214 105
215 216
215 217
216 116
216 120
216 122
217 109
217 265
218 79
218 219
219 220
219 221
220 66
220 83
221 90
221 119
222 223
222 224
223 1
223 2
223 21
224 47
224 107
225 226
225 227
233 234
233 235
236 237
236 238
239 240
239 241
239 242
243 244
243 245
248 249
248 250
255 256
255 257
255 258
259 260
259 261
262 263
262 264
265 266
265 267
270 125
