134 135
134 207
134 210
134 214
134 217
135 136
135 183
135 193
135 196
135 201
135 203
136 137
136 162
137 138
137 145
137 160
138 139
138 143
139 25
139 54
139 104
139 140
139 141
139 142
140 92
140 125
141 50
141 127
142 77
142 111
143 6
143 144
144 8
144 19
145 146
145 159
146 26
146 66
146 71
146 96
146 122
146 147
146 148
146 150
146 153
146 154
146 155
146 156
146 157
146 158
147 69
147 112
148 76
148 149
149 23
149 105
150 151
150 152
151 63
151 121
152 45
152 114
153 84
153 123
154 33
154 106
155 34
155 46
156 52
156 85
157 35
157 133
158 74
158 256
159 42
159 61
159 225
160 101
160 161
161 82
161 231
162 119
162 163
163 5
163 116
163 124
163 164
163 172
163 174
163 178
163 179
163 181
164 165
164 171
165 166
165 169
166 65
166 90
166 98
166 167
166 168
167 56
167 79
167 240
168 38
168 51
168 97
169 11
169 70
169 170
169 237
170 37
170 115
171 91
171 222
172 99
172 173
173 68
173 108
174 27
174 175
174 176
175 21
175 40
176 4
176 177
177 3
177 131
178 15
178 78
179 103
179 110
179 129
179 180
180 31
180 88
181 62
181 83
181 182
182 44
182 58
183 184
183 187
183 188
183 190
184 20
184 185
185 22
185 36
185 186
185 253
186 94
186 113
187 59
187 75
188 60
188 189
188 234
189 86
189 128
190 0
190 2
190 191
191 120
191 192
191 247
192 10
192 30
193 29
193 194
194 28
194 126
194 195
195 1
195 64
196 197
196 200
197 7
197 198
197 199
198 47
198 67
199 16
199 93
199 100
200 9
200 81
200 118
201 17
201 202
202 41
202 102
203 204
203 205
204 95
204 244
205 72
205 206
206 87
206 130
207 208
207 209
208 107
208 228
209 24
209 53
210 89
210 211
211 32
211 212
211 213
212 39
212 48
213 49
213 109
214 215
214 216
215 14
215 43
216 12
216 57
217 117
217 218
217 220
217 221
218 132
218 219
219 13
219 250
220 18
220 73
221 55
221 80
222 223
222 224
225 226
225 227
228 229
228 230
231 232
231 233
234 235
234 236
237 238
237 239
240 241
240 242
240 243
244 245
244 246
247 248
247 249
250 251
250 252
253 254
253 255
256 257
256 258
259 134
