131 132
131 162
131 188
131 197
131 210
132 133
132 137
132 143
132 149
133 24
133 37
133 134
133 135
134 42
134 49
134 64
135 40
135 52
135 69
135 136
135 224
135 225
136 61
136 226
136 227
137 138
137 140
137 141
138 16
138 139
139 19
139 246
139 247
140 6
140 8
140 54
140 110
141 46
141 142
142 87
142 88
143 144
143 148
144 21
144 109
144 145
145 33
145 146
145 147
146 35
146 237
147 20
147 231
147 232
147 233
147 234
147 235
147 236
148 66
148 76
149 150
149 151
149 152
149 153
149 155
150 18
150 248
150 249
151 7
151 83
152 32
152 218
153 47
153 154
154 39
154 86
155 4
155 5
155 92
155 102
155 156
155 158
155 159
155 161
156 43
156 44
156 48
156 51
156 59
156 62
156 157
157 65
157 80
158 90
158 99
159 85
159 160
160 105
160 126
161 89
161 115
161 212
162 163
162 177
163 23
163 27
163 31
163 38
163 45
163 91
163 121
163 164
163 167
163 170
163 175
163 176
164 72
164 82
164 124
164 127
164 165
164 166
165 10
165 128
166 14
166 93
167 53
167 117
167 168
167 169
168 3
168 98
168 129
169 41
169 228
170 26
170 29
170 30
170 171
170 172
171 36
171 58
171 116
171 240
172 70
172 173
173 34
173 174
174 55
174 57
175 0
175 25
176 22
176 78
177 178
177 184
178 179
178 182
179 28
179 180
179 181
180 123
180 250
181 79
181 243
182 68
182 183
183 71
183 97
184 185
184 187
185 111
185 186
186 73
186 96
187 17
187 125
188 189
188 192
189 9
189 190
190 94
190 191
191 118
191 119
191 120
192 193
192 194
192 195
193 100
193 122
194 12
194 112
195 113
195 196
196 81
196 84
196 130
197 11
197 63
197 198
197 209
198 199
198 204
198 205
199 200
199 203
200 103
200 107
200 201
200 215
201 60
201 77
201 202
202 13
202 75
203 1
203 101
204 2
204 108
205 106
205 206
206 207
206 208
207 56
207 67
208 50
208 104
209 95
209 114
210 211
210 221
211 15
211 74
212 213
212 214
215 216
215 217
218 219
218 220
221 222
221 223
228 229
228 230
237 238
237 239
240 241
240 242
243 244
243 245
250 251
250 252
253 131
