151 0
151 3
151 5
151 9
151 17
151 58
151 70
151 73
151 88
151 135
151 152
151 170
151 181
151 186
151 194
151 198
151 204
151 223
151 225
151 228
151 229
152 153
152 166
152 168
152 169
153 61
153 154
153 158
153 160
154 155
154 156
154 157
155 14
155 22
156 13
156 43
157 21
157 25
158 15
158 159
159 10
159 26
160 45
160 161
160 162
160 163
161 28
161 42
162 24
162 144
163 2
163 32
163 46
163 48
163 164
163 165
164 7
164 18
165 23
165 34
166 99
166 114
166 118
166 167
167 12
167 79
168 77
168 121
169 29
169 80
170 171
170 177
171 137
171 150
171 172
171 173
171 174
172 147
172 149
173 112
173 139
174 136
174 140
174 143
174 145
174 148
174 175
174 176
175 141
175 142
176 138
176 146
177 178
177 180
178 116
178 179
179 6
179 102
180 63
180 86
180 132
181 182
181 184
182 60
182 101
182 122
182 123
182 183
183 1
183 47
183 59
184 4
184 54
184 185
185 93
185 126
186 187
186 191
187 39
187 188
187 189
188 16
188 30
189 38
189 190
190 35
190 37
191 8
191 127
191 192
191 193
192 64
192 68
193 83
193 133
194 50
194 69
194 195
194 196
195 36
195 55
196 53
196 197
197 49
197 124
198 199
198 202
199 200
199 201
200 120
200 129
201 110
201 113
202 44
202 203
203 125
203 130
204 11
204 19
204 40
204 66
204 90
204 103
204 108
204 115
204 205
204 208
204 209
204 211
204 213
204 214
204 215
204 216
204 217
204 218
204 219
204 220
205 75
205 206
206 72
206 207
207 67
207 92
208 56
208 111
209 104
209 210
210 78
210 84
211 71
211 212
212 62
212 85
213 109
213 117
214 41
214 65
215 100
215 131
216 20
216 51
217 94
217 98
218 81
218 128
219 57
219 119
220 74
220 221
221 82
221 222
222 76
222 96
223 52
223 106
223 224
224 87
224 95
225 107
225 226
226 89
226 227
227 27
227 134
228 31
228 33
229 91
229 97
229 105
230 151
