149 150
149 175
150 151
150 173
151 45
151 89
151 152
151 170
151 171
152 53
152 68
152 79
152 100
152 106
152 107
152 153
152 162
152 163
152 164
152 165
152 166
152 167
152 168
153 49
153 127
153 143
153 154
153 155
153 156
153 157
153 158
153 161
154 46
154 73
155 95
155 111
156 48
156 103
157 126
157 226
158 135
158 144
158 159
159 132
159 160
160 117
160 125
161 81
161 96
161 131
162 62
162 101
162 128
163 3
163 123
164 69
164 99
165 67
165 85
166 94
166 118
167 98
167 229
168 130
168 169
169 138
169 142
170 59
170 87
171 21
171 105
171 172
172 27
172 51
173 120
173 174
174 71
174 86
175 77
175 82
175 110
175 114
175 176
175 182
175 188
175 200
175 205
175 208
175 210
175 212
175 214
175 215
175 216
175 220
175 221
175 222
175 223
175 224
176 177
176 181
177 140
177 178
178 14
178 15
178 19
178 20
178 22
178 179
178 180
179 18
179 23
180 16
180 17
180 24
181 25
181 84
182 5
182 50
182 58
182 78
182 183
182 187
183 184
183 186
184 97
184 185
185 88
185 121
186 56
186 148
187 74
187 92
187 102
187 113
187 115
187 137
188 189
188 190
188 191
188 196
189 2
189 60
189 72
190 11
190 32
191 192
191 195
192 193
192 194
193 1
193 7
194 83
194 104
195 64
195 116
196 197
196 198
196 199
197 42
197 90
198 93
198 119
199 37
199 80
200 201
200 203
201 65
201 202
202 76
202 124
203 52
203 204
204 54
204 108
205 30
205 206
206 43
206 207
207 31
207 38
207 41
208 10
208 209
209 63
209 75
209 139
210 112
210 129
210 211
211 47
211 70
212 141
212 213
213 61
213 133
214 33
214 39
215 44
215 136
216 6
216 13
216 26
216 146
216 217
216 219
217 0
217 12
217 91
217 122
217 218
218 57
218 109
219 4
219 35
220 36
220 40
221 8
221 145
222 34
222 147
223 28
223 29
224 9
224 66
224 225
225 55
225 134
226 227
226 228
229 230
229 231
232 149
