64 65
64 87
64 99
65 66
65 73
65 86
66 67
66 69
66 71
67 1
67 25
67 68
67 124
67 125
67 126
67 127
67 128
67 129
67 130
67 131
67 132
67 133
67 134
67 135
67 136
67 137
67 138
67 139
67 140
67 141
67 142
67 143
67 144
67 145
67 146
67 147
67 148
67 149
67 150
67 151
67 152
67 153
67 154
67 155
67 156
67 157
67 166
67 201
68 29
68 198
69 15
69 70
70 11
70 13
70 17
71 21
71 42
71 72
72 24
72 34
73 74
73 78
74 75
74 76
75 26
75 47
76 54
76 58
76 77
77 48
77 49
78 79
78 82
78 158
79 56
79 80
80 16
80 81
81 60
81 169
81 170
82 63
82 83
82 84
83 31
83 184
84 5
84 43
84 44
84 46
84 85
85 50
85 51
85 57
86 2
86 18
87 88
87 98
88 7
88 89
89 90
89 91
89 93
90 14
90 35
90 41
90 59
90 181
91 33
91 92
92 45
92 121
93 39
93 94
93 96
94 8
94 38
94 95
95 19
95 36
95 55
95 62
95 195
96 10
96 97
97 23
97 171
98 0
98 9
98 32
98 161
98 187
98 188
98 189
98 190
99 27
99 100
99 106
99 107
100 101
100 104
101 102
101 103
102 4
102 6
103 53
103 61
103 176
103 177
103 178
103 179
103 180
104 52
104 105
105 3
105 110
105 111
105 112
105 113
105 114
105 115
105 116
105 117
105 118
105 119
105 120
105 191
106 20
106 28
106 30
107 22
107 108
108 12
108 109
109 37
109 40
121 122
121 123
158 159
158 160
161 162
161 163
161 164
161 165
166 167
166 168
171 172
171 173
171 174
171 175
181 182
181 183
184 185
184 186
191 192
191 193
191 194
195 196
195 197
198 199
198 200
201 202
201 203
204 64
