118 119
118 143
118 176
119 120
119 140
120 99
120 121
121 122
121 124
121 127
121 129
121 133
122 92
122 106
122 123
123 77
123 103
124 81
124 125
125 100
125 107
125 126
126 75
126 113
127 104
127 128
128 85
128 88
129 130
129 131
130 109
130 114
131 94
131 105
131 132
132 78
132 111
133 72
133 74
133 79
133 80
133 91
133 95
133 102
133 134
133 135
133 138
133 139
134 82
134 83
134 97
135 136
135 137
136 84
136 112
137 73
137 110
138 86
138 101
139 90
139 93
140 141
140 142
141 59
141 71
142 40
142 115
143 144
143 152
144 145
144 148
145 16
145 22
145 48
145 146
145 147
146 23
146 24
146 26
146 32
146 33
146 34
146 38
146 187
147 30
147 36
148 68
148 149
148 150
148 151
149 50
149 67
150 42
150 43
150 44
150 45
150 53
150 54
150 56
150 61
150 66
150 195
151 51
151 60
152 153
152 175
153 154
153 155
153 160
153 163
153 165
153 169
154 7
154 8
154 11
154 12
154 14
154 182
155 156
155 159
156 15
156 47
156 70
156 157
157 6
157 158
158 65
158 89
159 63
159 117
160 161
160 162
161 21
161 29
161 190
161 191
162 25
162 35
163 1
163 164
164 52
164 55
165 166
165 168
166 9
166 46
166 62
166 167
167 10
167 13
168 19
168 69
169 170
169 171
170 58
170 87
171 49
171 96
171 172
171 173
172 76
172 98
173 41
173 116
173 174
174 64
174 108
175 5
175 57
176 177
176 179
177 0
177 2
177 4
177 31
177 178
177 192
178 3
178 27
179 20
179 180
180 18
180 39
180 181
181 17
181 28
181 37
182 183
182 184
182 185
182 186
187 188
187 189
192 193
192 194
195 196
195 197
198 118
