118 119
118 154
119 120
119 137
119 146
120 1
120 121
120 135
121 122
121 127
122 70
122 71
122 84
122 91
122 123
122 124
122 125
122 126
123 61
123 64
123 69
124 88
124 109
125 83
125 96
126 65
126 77
127 128
127 130
127 132
128 57
128 59
128 63
128 67
128 72
128 78
128 102
128 105
128 129
128 189
128 190
129 74
129 110
130 95
130 131
131 17
131 29
132 101
132 133
133 87
133 134
134 86
134 90
135 106
135 136
136 115
136 117
137 138
137 145
138 139
138 142
139 140
139 141
140 68
140 85
140 92
140 94
141 66
141 82
142 143
142 144
143 81
143 98
144 97
144 103
145 60
145 89
146 147
146 151
147 104
147 148
147 150
148 116
148 149
149 111
149 114
150 73
150 100
151 152
151 153
152 58
152 99
153 62
153 79
154 0
154 9
154 155
154 176
154 177
154 178
155 156
155 167
156 157
156 161
157 5
157 7
157 8
157 11
157 12
157 19
157 27
157 30
157 35
157 38
157 46
157 158
157 159
157 160
157 184
158 18
158 32
158 187
158 188
159 33
159 55
160 16
160 23
161 162
161 166
162 3
162 50
162 51
162 163
162 164
162 165
163 36
163 56
164 15
164 39
165 42
165 48
165 182
165 183
166 21
166 25
166 31
167 2
167 75
167 107
167 168
167 169
167 173
167 175
168 45
168 180
168 181
169 10
169 26
169 44
169 47
169 52
169 53
169 170
169 171
169 172
170 40
170 43
171 4
171 6
172 22
172 41
173 20
173 34
173 37
173 49
173 174
174 14
174 28
175 24
175 54
176 80
176 93
177 76
177 108
178 13
178 179
179 112
179 113
184 185
184 186
191 118
