121 122
121 183
122 123
122 154
123 124
123 137
124 125
124 135
125 126
125 133
126 127
126 131
127 13
127 128
127 130
128 78
128 129
129 72
129 84
130 16
130 89
131 17
131 88
131 132
132 34
132 35
133 57
133 134
134 81
134 85
135 86
135 136
136 53
136 58
137 138
137 148
138 139
138 145
139 140
139 141
140 45
140 91
141 142
141 143
142 87
142 92
143 83
143 144
144 60
144 66
145 146
145 147
146 61
146 62
147 31
147 37
148 149
148 153
149 150
149 152
150 27
150 151
151 41
151 114
152 23
152 46
152 55
153 18
153 93
154 155
154 179
154 182
155 156
155 178
156 157
156 173
157 158
157 168
158 159
158 162
159 54
159 160
159 161
160 40
160 51
161 32
161 42
162 163
162 164
163 12
163 47
163 48
164 165
164 166
164 167
165 29
165 43
165 49
166 33
166 73
167 4
167 69
168 65
168 169
169 170
169 171
169 172
170 11
170 56
171 19
171 21
172 10
172 50
173 174
173 176
174 24
174 80
174 175
175 63
175 68
176 44
176 177
177 39
177 76
178 26
178 30
179 8
179 180
180 52
180 181
181 0
181 14
182 64
182 70
183 184
183 224
184 185
184 200
185 186
185 199
186 187
186 191
187 188
187 189
188 117
188 118
188 230
188 231
189 101
189 190
190 94
190 108
191 192
191 195
192 193
192 194
193 20
193 112
194 28
194 90
195 102
195 196
196 197
196 198
197 77
197 120
198 103
198 105
199 6
199 109
200 201
200 214
201 202
201 211
202 203
202 208
202 210
203 204
203 206
204 25
204 205
205 15
205 71
206 74
206 207
207 75
207 79
208 36
208 209
209 9
209 107
210 38
210 111
211 99
211 212
212 119
212 213
213 95
213 100
214 215
214 221
215 216
215 219
216 217
216 218
217 3
217 22
218 5
218 96
219 116
219 220
220 1
220 2
221 7
221 222
222 98
222 223
223 104
223 115
224 113
224 225
225 226
225 228
226 97
226 227
227 106
227 110
228 59
228 229
229 67
229 82
232 121
