62 9
62 11
62 30
62 31
62 63
62 86
62 90
62 95
62 96
63 18
63 43
63 53
63 64
63 67
63 71
63 73
63 76
63 77
63 78
63 79
63 81
63 82
63 83
63 84
63 85
64 65
64 66
65 24
65 150
66 14
66 25
67 68
67 70
68 5
68 69
69 26
69 41
70 97
70 110
71 72
71 108
71 109
71 124
71 140
72 55
72 103
73 74
73 75
74 33
74 153
75 32
75 51
76 34
76 56
76 117
76 118
76 119
76 120
77 17
77 42
78 45
78 121
79 0
79 22
79 35
79 47
79 49
79 57
79 80
79 106
79 107
79 144
80 27
80 40
81 39
81 134
82 37
82 113
83 127
83 128
83 131
84 3
84 10
84 28
84 46
84 52
85 15
85 23
86 16
86 87
87 19
87 29
87 48
87 61
87 88
87 89
88 7
88 129
88 130
89 2
89 4
90 91
90 92
91 12
91 13
91 20
91 21
92 1
92 6
92 93
92 94
93 54
93 60
94 8
94 58
95 44
95 59
96 36
96 38
96 50
97 98
97 99
97 100
97 101
97 102
103 104
103 105
110 111
110 112
113 114
113 115
113 116
121 122
121 123
124 125
124 126
131 132
131 133
134 135
134 136
134 137
134 138
134 139
140 141
140 142
140 143
144 145
144 146
144 147
144 148
144 149
150 151
150 152
153 154
153 155
156 62
