29 1
29 2
29 3
29 4
29 7
29 15
29 17
29 25
29 30
29 38
29 39
29 41
29 43
29 80
29 130
29 136
30 16
30 21
30 26
30 31
30 32
30 33
30 34
30 35
30 36
30 37
30 47
30 124
31 9
31 121
32 19
32 23
32 24
33 8
33 86
34 6
34 10
35 18
35 148
36 11
36 20
37 14
37 22
38 27
38 28
38 99
38 100
38 101
38 102
38 103
38 104
38 105
38 106
38 107
38 108
38 109
38 110
38 111
38 112
38 113
38 114
38 115
38 116
38 117
38 118
39 40
39 146
39 147
40 12
40 13
41 0
41 42
42 5
42 68
43 44
43 45
43 46
47 48
47 49
47 50
47 51
47 52
47 53
47 54
47 55
47 56
47 57
47 58
47 59
47 60
47 61
47 62
47 63
47 64
47 65
47 66
47 67
68 69
68 70
68 71
68 72
68 73
68 74
68 75
68 76
68 77
68 78
68 79
80 81
80 82
80 83
80 84
80 85
86 87
86 88
86 89
86 90
86 91
86 92
86 93
86 94
86 95
86 96
86 97
86 98
118 119
118 120
121 122
121 123
124 125
124 126
124 127
124 128
124 129
130 131
130 132
130 133
130 134
130 135
136 137
136 138
136 139
136 140
136 141
136 142
136 143
136 144
136 145
148 149
148 150
151 29
