15 1
15 4
15 7
15 9
15 12
15 16
15 18
15 21
15 22
15 23
15 104
15 109
15 114
15 127
15 128
15 129
15 130
15 131
16 0
16 10
16 17
17 51
17 52
17 53
17 54
17 55
17 56
17 57
17 58
17 59
17 60
17 61
17 62
17 63
17 64
17 65
17 66
17 67
17 68
17 69
17 70
17 71
17 72
17 73
17 74
17 75
17 76
17 77
17 78
17 79
17 80
17 81
17 82
17 83
17 84
17 85
17 86
17 87
17 88
17 89
17 90
17 91
17 92
17 93
17 94
18 3
18 6
18 11
18 13
18 19
18 20
18 24
18 25
18 26
18 27
18 28
18 29
18 30
18 31
18 32
18 33
18 34
18 35
18 36
18 37
18 38
18 39
18 40
18 41
18 42
18 43
18 44
18 45
18 46
18 47
18 48
18 49
18 50
19 2
19 97
19 98
19 99
19 100
19 101
19 102
19 103
20 5
20 123
20 124
20 125
20 126
21 8
21 14
22 132
22 139
22 140
23 117
23 136
94 95
94 96
104 105
104 106
104 107
104 108
109 110
109 111
109 112
109 113
114 115
114 116
117 118
117 119
117 120
117 121
117 122
132 133
132 134
132 135
136 137
136 138
141 15
