5503 521
5503 5504
5503 7030
5503 7573
5503 7907
5503 8251
5503 8554
5503 8745
5503 8882
5503 8923
5503 8981
5503 8994
5503 9007
5503 9026
5503 9052
5503 9059
5503 9067
5503 9074
5503 9077
5503 9079
5503 9081
5503 9089
5503 9091
5503 9093
5503 9097
5503 9099
5503 9105
5503 9106
5503 9107
5503 9108
5503 9110
5504 5505
5504 6141
5504 6314
5504 6635
5504 6710
5504 6748
5504 6787
5504 6889
5504 6912
5504 6932
5504 6969
5504 6974
5504 6978
5504 6988
5504 6994
5504 6998
5504 7008
5504 7010
5504 7013
5504 7016
5504 7029
5505 5506
5505 5757
5505 6096
5505 6108
5506 5507
5506 5553
5506 5748
5507 5508
5507 5548
5508 5509
5508 5522
5508 5527
5508 5533
5509 5510
5509 5514
5509 5518
5510 2053
5510 5511
5510 5512
5510 5513
5511 2494
5511 4080
5512 3180
5512 3247
5513 69
5513 736
5514 1421
5514 2054
5514 2109
5514 2690
5514 3921
5514 3932
5514 4322
5514 5515
5514 5516
5514 5517
5515 2543
5515 2909
5516 1763
5516 4067
5517 429
5517 731
5517 2376
5518 999
5518 3440
5518 4477
5518 5519
5518 5520
5519 4781
5519 5278
5520 4077
5520 5521
5521 415
5521 3164
5522 2484
5522 5523
5522 5525
5523 2617
5523 5524
5524 430
5524 4855
5525 148
5525 5526
5526 387
5526 3883
5527 5528
5527 5529
5528 2269
5528 4165
5529 5530
5529 5531
5530 840
5530 1924
5531 417
5531 2242
5531 5532
5532 3264
5532 4074
5533 4625
5533 5534
5533 5540
5533 5541
5534 5535
5534 5538
5535 307
5535 773
5535 2571
5535 4052
5535 5536
5535 5537
5536 2836
5536 5299
5537 1990
5537 3967
5538 1032
5538 5539
5539 3067
5539 3415
5540 734
5540 4749
5541 3531
5541 5542
5542 3202
5542 5543
5543 2223
5543 2897
5543 3056
5543 4863
5543 5215
5543 5262
5543 5544
5543 5546
5544 2922
5544 3461
5544 5545
5545 3122
5545 4152
5546 950
5546 5547
5547 4475
5547 4669
5548 320
5548 2771
5548 5549
5548 5550
5548 5552
5549 4183
5549 4848
5550 1013
5550 4575
5550 5551
5551 1613
5551 4028
5552 1178
5552 5027
5553 5554
5553 5733
5554 5555
5554 5730
5555 5556
5555 5726
5556 5557
5556 5637
5557 5558
5557 5580
5557 5591
5557 5597
5557 5614
5557 5625
5558 5559
5558 5568
5558 5571
5558 5573
5558 5574
5558 5576
5558 5577
5559 2390
5559 5560
5560 5561
5560 5567
5561 434
5561 614
5561 634
5561 846
5561 1113
5561 1286
5561 3975
5561 4255
5561 4712
5561 5562
5561 5563
5561 5566
5562 689
5562 4649
5563 4826
5563 5564
5564 154
5564 1516
5564 5565
5565 1147
5565 3091
5566 942
5566 4445
5567 2961
5567 4498
5568 3555
5568 5569
5569 845
5569 5570
5570 907
5570 1925
5571 733
5571 5572
5572 2391
5572 4342
5573 2625
5573 2826
5574 2952
5574 5575
5575 2181
5575 4063
5576 2528
5576 4820
5577 3421
5577 3518
5577 4879
5577 5578
5578 939
5578 2198
5578 5579
5579 624
5579 4661
5580 5581
5580 5582
5581 455
5581 461
5581 2221
5581 2920
5581 4927
5582 5583
5582 5586
5582 5587
5582 5589
5582 9218
5583 5584
5583 5585
5584 283
5584 302
5584 3083
5585 396
5585 3215
5585 5042
5586 4923
5586 5038
5587 2028
5587 4656
5587 5588
5588 1129
5588 3399
5589 4022
5589 5590
5590 2517
5590 4580
5590 9201
5590 9202
5591 5592
5591 5596
5592 1394
5592 2403
5592 2880
5592 2934
5592 3181
5592 5593
5592 5594
5592 5595
5593 2349
5593 4184
5593 4486
5594 1657
5594 4076
5595 615
5595 2898
5596 1756
5596 5125
5597 5598
5597 5600
5598 722
5598 5599
5599 3187
5599 5024
5600 5601
5600 5604
5600 5606
5600 5608
5600 5609
5600 5610
5601 5602
5601 5603
5602 432
5602 482
5602 3822
5602 4377
5603 1466
5603 1569
5603 3159
5604 221
5604 427
5604 5605
5605 1130
5605 2817
5606 3523
5606 5607
5607 3311
5607 3977
5608 957
5608 5007
5609 2839
5609 3327
5609 3832
5610 3689
5610 3938
5610 4724
5610 4814
5610 5611
5610 5612
5610 5613
5611 1797
5611 2825
5612 3633
5612 4603
5613 3030
5613 4623
5614 5615
5614 5623
5615 5616
5615 5620
5615 5621
5616 529
5616 5617
5616 5619
5617 2159
5617 5618
5618 1160
5618 3917
5619 2465
5619 2867
5620 1332
5620 2244
5621 548
5621 1602
5621 5622
5622 684
5622 5313
5623 268
5623 864
5623 1805
5623 2123
5623 3114
5623 5624
5624 1314
5624 3989
5625 5626
5625 5629
5626 2291
5626 2378
5626 2626
5626 5627
5626 5628
5627 1443
5627 5267
5628 1899
5628 5090
5629 5630
5629 5631
5630 1852
5630 3697
5630 3875
5631 2158
5631 2955
5631 5632
5631 5633
5631 5635
5631 5636
5632 113
5632 2614
5633 1397
5633 5634
5634 1214
5634 5134
5635 1223
5635 4040
5636 2808
5636 5297
5637 5638
5637 5663
5638 5639
5638 5654
5639 5640
5639 5645
5640 5641
5640 5642
5641 1834
5641 3682
5641 3723
5641 9264
5642 1697
5642 2779
5642 3265
5642 3446
5642 4952
5642 5643
5643 667
5643 2202
5643 5644
5644 3556
5644 9262
5644 9263
5645 1938
5645 3200
5645 5646
5645 5650
5646 2879
5646 5647
5646 5648
5647 2710
5647 2783
5648 1361
5648 1419
5648 1608
5648 2732
5648 3726
5648 4851
5648 5649
5648 9170
5649 1768
5649 3280
5649 4230
5650 1578
5650 5651
5650 5652
5651 851
5651 5057
5652 291
5652 5653
5653 3520
5653 3772
5654 593
5654 5655
5654 5657
5655 328
5655 5656
5656 3418
5656 4228
5657 3001
5657 5658
5657 5660
5658 1086
5658 5659
5659 3588
5659 3687
5660 5235
5660 5661
5661 677
5661 5662
5662 3584
5662 3801
5663 5664
5663 5683
5664 5665
5664 5677
5665 5666
5665 5672
5666 5667
5666 5668
5667 1586
5667 2599
5668 5669
5668 5670
5669 2446
5669 4772
5670 1100
5670 2148
5670 5671
5671 264
5671 2876
5672 3629
5672 5673
5673 2573
5673 5674
5673 5675
5674 1710
5674 1833
5675 5078
5675 5676
5676 3879
5676 4151
5677 107
5677 411
5677 680
5677 873
5677 3098
5677 4044
5677 4047
5677 4418
5677 5678
5677 5680
5677 5681
5678 769
5678 5679
5679 2127
5679 4579
5680 1059
5680 1225
5681 144
5681 2077
5681 2340
5681 3441
5681 4212
5681 5682
5682 174
5682 1616
5683 5684
5683 5692
5683 5696
5683 5699
5683 5703
5683 5706
5683 5708
5684 5685
5684 5689
5685 2107
5685 5686
5686 1910
5686 3061
5686 3880
5686 4725
5686 5687
5687 5032
5687 5688
5688 2246
5688 4161
5689 4164
5689 5690
5689 5691
5690 1553
5690 9215
5691 501
5691 4363
5692 1988
5692 2236
5692 2661
5692 3097
5692 3519
5692 5693
5692 5694
5692 5695
5693 211
5693 602
5694 1789
5694 3655
5695 4182
5695 4871
5696 927
5696 1380
5696 2207
5696 2227
5696 2478
5696 5697
5697 1132
5697 1753
5697 2562
5697 5698
5698 1406
5698 3748
5699 780
5699 5700
5699 5701
5699 5702
5700 522
5700 1620
5701 4251
5701 4987
5702 2056
5702 2338
5702 2931
5703 4611
5703 4658
5703 5020
5703 5704
5703 5705
5704 374
5704 1968
5704 3317
5705 2108
5705 5301
5706 270
5706 5707
5707 2842
5707 4260
5708 943
5708 2511
5708 3266
5708 3961
5708 4094
5708 4877
5708 5709
5708 5711
5708 5712
5708 5715
5708 5717
5708 5719
5708 5720
5708 5721
5708 5722
5708 5723
5708 5725
5709 2588
5709 5710
5710 2022
5710 2157
5711 1006
5711 4012
5712 5713
5712 5714
5713 1176
5713 3460
5714 4752
5714 5252
5715 646
5715 1180
5715 1700
5715 2791
5715 3299
5715 3425
5715 3570
5715 3901
5715 4461
5715 4672
5715 4821
5715 5716
5715 9187
5716 1089
5716 9125
5717 3426
5717 5718
5718 329
5718 2422
5719 66
5719 1955
5719 3690
5720 1377
5720 2534
5720 3922
5721 3361
5721 4852
5722 3419
5722 4171
5723 4757
5723 5724
5724 1074
5724 2215
5725 2453
5725 3991
5726 5727
5726 5728
5727 835
5727 2307
5728 209
5728 5729
5729 1426
5729 2097
5730 5731
5730 5732
5731 247
5731 911
5731 9247
5732 213
5732 1558
5733 5734
5733 5739
5734 5735
5734 5738
5735 5736
5735 5737
5736 905
5736 3408
5737 984
5737 1847
5738 3011
5738 4272
5739 5740
5739 5741
5739 5744
5740 318
5740 505
5741 1125
5741 5742
5741 5743
5742 205
5742 469
5743 1256
5743 2400
5744 815
5744 5745
5745 968
5745 5746
5746 1561
5746 5747
5747 886
5747 1499
5748 1133
5748 2239
5748 5749
5748 5752
5748 5754
5749 2655
5749 5750
5750 1205
5750 3012
5750 5751
5751 86
5751 2170
5752 4387
5752 5753
5753 1666
5753 2114
5754 752
5754 5755
5755 125
5755 5756
5756 92
5756 3916
5757 5758
5757 5806
5757 5843
5757 6085
5758 5759
5758 5798
5759 5760
5759 5767
5760 5761
5760 5765
5761 863
5761 5762
5761 5763
5762 963
5762 4621
5762 9179
5763 3444
5763 5764
5764 1639
5764 3807
5765 163
5765 5766
5766 61
5766 2150
5767 5768
5767 5784
5768 5769
5768 5775
5769 5770
5769 5774
5770 4178
5770 5214
5770 5771
5771 1592
5771 2179
5771 5772
5771 5773
5772 2275
5772 3862
5773 3085
5773 4439
5774 1520
5774 4041
5775 687
5775 5776
5776 1702
5776 5777
5777 39
5777 1044
5777 1297
5777 1739
5777 2410
5777 2936
5777 3150
5777 4466
5777 5778
5777 5780
5777 5781
5777 5782
5777 9138
5778 2268
5778 5779
5779 3060
5779 4107
5780 226
5780 1085
5780 1823
5781 3342
5781 3826
5782 1853
5782 2502
5782 5783
5783 1138
5783 3718
5784 5785
5784 5793
5785 5786
5785 5787
5785 5789
5785 5792
5786 1703
5786 2303
5786 3242
5787 2408
5787 5221
5787 5788
5788 1103
5788 2438
5789 5790
5789 5791
5790 3593
5790 4710
5791 561
5791 2474
5792 982
5792 2231
5792 2382
5792 2755
5792 3894
5792 4567
5793 5794
5793 5795
5794 1267
5794 3885
5795 1144
5795 5796
5796 2412
5796 5797
5797 397
5797 2233
5798 5799
5798 5802
5798 5803
5798 5804
5799 1473
5799 5800
5800 5480
5800 5801
5801 649
5801 3448
5802 2641
5802 3185
5803 3439
5803 4339
5804 2185
5804 5805
5805 2156
5805 4974
5806 5807
5806 5823
5806 5827
5807 5808
5807 5812
5807 5818
5808 1316
5808 5091
5808 5809
5808 5810
5808 5811
5809 1854
5809 2677
5810 407
5810 2891
5811 74
5811 3591
5812 948
5812 5813
5812 5815
5813 5140
5813 5814
5814 1980
5814 3350
5815 742
5815 2605
5815 5217
5815 5816
5815 5817
5816 1918
5816 3010
5817 2514
5817 5028
5818 5819
5818 5820
5819 978
5819 3182
5820 443
5820 5821
5821 1227
5821 5822
5822 632
5822 1007
5823 5824
5823 5826
5824 698
5824 885
5824 5825
5825 2509
5825 5005
5826 4303
5826 4419
5827 5828
5827 5831
5828 5829
5828 5830
5829 812
5829 1446
5830 1429
5830 3929
5831 5832
5831 5834
5831 5835
5831 5842
5832 3302
5832 5833
5833 2105
5833 3276
5834 1092
5834 3821
5834 3857
5835 636
5835 2375
5835 5836
5836 2066
5836 3800
5836 5837
5837 1179
5837 5838
5838 5839
5838 5841
5839 1595
5839 1879
5839 5840
5840 2610
5840 5097
5841 3675
5841 4273
5842 824
5842 3947
5843 5844
5843 5880
5843 5941
5843 6057
5843 6074
5844 5845
5844 5875
5845 5846
5845 5865
5846 5847
5846 5858
5847 5848
5847 5852
5848 5849
5848 5850
5849 732
5849 2530
5850 1604
5850 1785
5850 2832
5850 4947
5850 4993
5850 5851
5851 2248
5851 2996
5852 5853
5852 5856
5853 2765
5853 5854
5853 5855
5854 2437
5854 3170
5855 4776
5855 9273
5856 2333
5856 4397
5856 5857
5857 2359
5857 4684
5858 3563
5858 4189
5858 5859
5858 5860
5858 5861
5858 5863
5859 880
5859 2556
5860 954
5860 3756
5861 3445
5861 5862
5862 379
5862 2942
5863 1360
5863 4870
5863 5864
5864 1264
5864 2017
5865 5866
5865 5874
5866 5867
5866 5873
5867 559
5867 587
5867 2061
5867 2199
5867 2256
5867 2763
5867 5868
5867 5870
5867 5871
5867 5872
5868 1156
5868 5869
5869 104
5869 4844
5870 1111
5870 2337
5871 9153
5871 9241
5872 2521
5872 4069
5873 735
5873 1862
5874 1045
5874 2728
5875 5876
5875 5877
5876 1274
5876 1462
5877 5878
5877 5879
5878 198
5878 4530
5879 356
5879 496
5880 5881
5880 5938
5881 5882
5881 5891
5881 5897
5881 5900
5881 5909
5882 770
5882 4961
5882 5145
5882 5227
5882 5883
5882 5884
5882 5885
5882 5886
5883 475
5883 2756
5884 778
5884 1183
5885 871
5885 3900
5886 2483
5886 5887
5886 5888
5886 5889
5887 2907
5887 3463
5888 4601
5888 5260
5889 2539
5889 5890
5890 2513
5890 3363
5891 5892
5891 5896
5892 3004
5892 5893
5892 5894
5893 816
5893 4242
5893 4807
5894 1625
5894 5895
5895 84
5895 2807
5896 1437
5896 4106
5897 1068
5897 5898
5898 554
5898 3704
5898 5899
5899 2276
5899 2721
5899 3541
5900 5901
5900 5904
5901 5902
5901 5903
5902 4210
5902 4687
5903 3243
5903 4353
5904 1217
5904 5905
5904 5906
5904 5908
5905 664
5905 3234
5906 5166
5906 5907
5907 2864
5907 3387
5908 890
5908 1895
5909 5910
5909 5913
5909 5922
5910 549
5910 5911
5911 1088
5911 5912
5912 2381
5912 2409
5913 1818
5913 4388
5913 5914
5913 5916
5913 5917
5913 5918
5913 5920
5914 2138
5914 5915
5915 1420
5915 4948
5916 3249
5916 5174
5917 1414
5917 4791
5918 236
5918 1509
5918 5919
5919 882
5919 4630
5920 3228
5920 4253
5920 5921
5921 1396
5921 1771
5922 5923
5922 5927
5922 5928
5922 5930
5923 5924
5923 5925
5924 206
5924 804
5924 4746
5925 4518
5925 5926
5926 334
5926 2120
5926 3696
5926 3935
5927 4017
5927 4788
5928 3449
5928 5929
5929 1681
5929 3934
5930 768
5930 877
5930 2672
5930 4544
5930 5931
5930 5933
5930 5934
5930 5935
5931 1856
5931 5932
5932 1627
5932 5175
5933 3175
5933 3281
5934 3871
5934 4179
5935 3331
5935 5936
5936 2203
5936 5937
5937 1528
5937 5220
5938 3244
5938 5939
5938 5940
5939 558
5939 2166
5940 1043
5940 4565
5941 5942
5941 6053
5942 5943
5942 6006
5942 6012
5942 6031
5943 5944
5943 5951
5943 6005
5944 5945
5944 5950
5945 1670
5945 3402
5945 4357
5945 5946
5945 5948
5946 3394
5946 5947
5947 378
5947 1140
5948 2490
5948 5949
5949 4055
5949 5282
5950 1287
5950 4940
5951 5952
5951 5963
5951 5974
5952 5953
5952 5956
5953 2816
5953 5954
5954 301
5954 4881
5954 5955
5955 2731
5955 5279
5956 5957
5956 5960
5957 2032
5957 5958
5958 292
5958 5959
5959 83
5959 4143
5959 5093
5960 2845
5960 3124
5960 5961
5961 2805
5961 5962
5962 4732
5962 5385
5963 5964
5963 5966
5964 91
5964 2741
5964 5965
5965 1193
5965 1890
5965 3183
5966 5967
5966 5969
5967 1512
5967 5968
5968 974
5968 3055
5969 5970
5969 5971
5970 1934
5970 4882
5971 2117
5971 5972
5972 4222
5972 5973
5973 535
5973 4638
5973 9184
5974 5975
5974 5979
5974 5981
5975 2678
5975 5976
5976 4005
5976 5977
5977 2914
5977 5978
5978 960
5978 2230
5979 5198
5979 5980
5980 2027
5980 5070
5980 5103
5981 5982
5981 5986
5981 5990
5981 5999
5982 4953
5982 5983
5982 5985
5983 2040
5983 3250
5983 5984
5984 2405
5984 4756
5985 2021
5985 4448
5986 3405
5986 5987
5986 5988
5987 4180
5987 5243
5988 2618
5988 2987
5988 3116
5988 3939
5988 5989
5989 2468
5989 5065
5990 5991
5990 5992
5990 5994
5990 5995
5991 1893
5991 2153
5991 2669
5991 5213
5992 3627
5992 5993
5993 1301
5993 2924
5994 1338
5994 3138
5994 4441
5995 3340
5995 5996
5995 5998
5996 3925
5996 5997
5997 820
5997 2900
5998 538
5998 941
5999 6000
5999 6002
5999 6003
6000 4274
6000 6001
6001 2733
6001 4862
6002 409
6002 2620
6003 919
6003 6004
6004 472
6004 3223
6005 300
6005 613
6006 6007
6006 6011
6007 754
6007 6008
6007 6009
6008 3915
6008 4694
6009 1177
6009 6010
6009 9147
6010 3192
6010 3867
6011 3703
6011 5053
6012 6013
6012 6017
6012 6018
6012 6021
6012 6023
6013 6014
6013 6015
6013 6016
6014 2500
6014 4636
6015 775
6015 2837
6016 55
6016 658
6016 2796
6017 2211
6017 2585
6018 3120
6018 6019
6019 1479
6019 6020
6020 1904
6020 4435
6021 3700
6021 6022
6022 938
6022 3611
6023 3944
6023 5496
6023 6024
6023 6025
6023 6026
6023 6027
6024 1658
6024 3141
6025 240
6025 256
6026 3160
6026 4797
6027 1064
6027 3503
6027 4111
6027 4779
6027 5291
6027 6028
6027 6029
6028 1660
6028 4125
6029 1004
6029 3212
6029 6030
6030 245
6030 874
6030 2421
6031 6032
6031 6034
6032 1647
6032 6033
6033 1401
6033 3884
6034 6035
6034 6036
6035 1724
6035 2085
6035 3539
6035 3691
6035 5017
6036 6037
6036 6047
6037 6038
6037 6040
6037 6043
6038 4145
6038 6039
6039 1384
6039 3053
6040 6041
6040 6042
6041 1091
6041 2308
6042 1635
6042 4158
6043 842
6043 6044
6043 6045
6044 2935
6044 4711
6045 3483
6045 6046
6046 490
6046 1609
6047 6048
6047 6051
6048 2431
6048 6049
6049 1150
6049 6050
6050 188
6050 5302
6051 2824
6051 6052
6052 2852
6052 3309
6053 6054
6053 6055
6054 2772
6054 2834
6055 3869
6055 6056
6056 2192
6056 3393
6057 6058
6057 6061
6058 3152
6058 6059
6059 1931
6059 6060
6060 1803
6060 2342
6060 3171
6061 1046
6061 6062
6061 6073
6062 6063
6062 6064
6062 6065
6062 6067
6062 6069
6062 6072
6063 3497
6063 3839
6064 2868
6064 4717
6065 1715
6065 6066
6066 363
6066 2694
6067 4438
6067 6068
6068 2200
6068 4894
6069 685
6069 2118
6069 2714
6069 3222
6069 3848
6069 3913
6069 5309
6069 6070
6070 2306
6070 6071
6071 1095
6071 4665
6072 175
6072 3339
6073 4084
6073 4973
6074 6075
6074 6082
6075 3409
6075 6076
6075 6080
6075 6081
6076 973
6076 6077
6077 1066
6077 4983
6077 6078
6077 6079
6078 1655
6078 3751
6079 1603
6079 4822
6080 1480
6080 3099
6081 4806
6081 4941
6082 6083
6082 6084
6083 2790
6083 3410
6084 1902
6084 3914
6085 6086
6085 6091
6085 6093
6086 6087
6086 6090
6087 1723
6087 6088
6088 1017
6088 1456
6088 4964
6088 6089
6089 1131
6089 1362
6089 1946
6089 2664
6090 366
6090 1029
6091 5162
6091 6092
6092 1624
6092 4108
6093 1795
6093 2194
6093 6094
6094 1327
6094 6095
6095 315
6095 511
6096 6097
6096 6101
6096 6103
6096 6105
6096 6107
6097 6098
6097 6099
6098 388
6098 557
6099 1519
6099 6100
6100 918
6100 1349
6101 4906
6101 6102
6102 702
6102 1323
6103 3308
6103 6104
6104 408
6104 825
6105 1145
6105 2139
6105 3048
6105 6106
6106 641
6106 3123
6107 2601
6107 3019
6107 3385
6108 6109
6108 6114
6108 6119
6108 6124
6108 6128
6108 6131
6108 6133
6108 6139
6109 1951
6109 6110
6110 6111
6110 6113
6111 3042
6111 6112
6112 3050
6112 3206
6113 1120
6113 2658
6113 3825
6114 1112
6114 6115
6114 6117
6115 928
6115 6116
6116 2039
6116 2220
6117 3006
6117 4740
6117 6118
6118 1034
6118 1236
6118 3128
6119 6120
6119 6123
6120 6121
6120 6122
6121 87
6121 827
6122 253
6122 1383
6123 3969
6123 4325
6124 6125
6124 6126
6125 601
6125 5295
6126 4931
6126 6127
6127 3878
6127 4459
6128 6129
6128 9144
6129 398
6129 5037
6129 6130
6130 413
6130 4967
6131 2717
6131 3594
6131 6132
6132 287
6132 2809
6133 115
6133 1171
6133 1626
6133 2998
6133 6134
6133 6135
6133 6137
6134 96
6134 1392
6135 2950
6135 6136
6136 1790
6136 2134
6137 3609
6137 6138
6138 3797
6138 3813
6139 3015
6139 6140
6140 418
6140 1110
6141 6142
6141 6287
6141 6304
6141 6307
6141 6308
6142 6143
6142 6284
6143 6144
6143 6239
6144 6145
6144 6170
6144 6177
6144 6202
6144 6207
6144 6214
6145 6146
6145 6155
6145 6165
6146 6147
6146 6153
6147 6148
6147 6150
6147 6152
6148 4398
6148 5045
6148 5056
6148 6149
6149 2208
6149 3553
6150 783
6150 6151
6151 1513
6151 9224
6152 1506
6152 2003
6152 2116
6153 1977
6153 6154
6154 2137
6154 2768
6155 248
6155 2164
6155 6156
6155 6160
6155 6161
6155 6162
6156 6157
6156 6159
6157 158
6157 3196
6157 4542
6157 6158
6158 595
6158 3068
6159 657
6159 9227
6159 9228
6160 1858
6160 4367
6160 4692
6161 1641
6161 3132
6162 1688
6162 2218
6162 2589
6162 4224
6162 4868
6162 6163
6162 6164
6163 1846
6163 4512
6164 1734
6164 5119
6165 6166
6165 6168
6166 3565
6166 6167
6167 1002
6167 3379
6168 4246
6168 6169
6169 4053
6169 5410
6170 6171
6170 6174
6170 6175
6171 6172
6171 6173
6172 447
6172 4344
6173 1277
6173 1888
6174 3029
6174 4061
6175 488
6175 1892
6175 2145
6175 3044
6175 3107
6175 4750
6175 4884
6175 5106
6175 5350
6175 6176
6176 2624
6176 4644
6177 6178
6177 6186
6177 6193
6178 6179
6178 6183
6178 6185
6179 5348
6179 5404
6179 5478
6179 6180
6179 6181
6179 6182
6180 5343
6180 5436
6180 5449
6181 5411
6181 5440
6181 9193
6181 9194
6182 5429
6182 5448
6182 5475
6183 5430
6183 6184
6184 5327
6184 5379
6185 2910
6185 4347
6186 6187
6186 6188
6187 1826
6187 4295
6188 6189
6188 6192
6189 6190
6189 6191
6190 563
6190 4191
6191 2266
6191 3395
6192 1582
6192 2470
6193 230
6193 823
6193 1997
6193 6194
6193 6196
6193 6198
6193 6199
6193 6200
6194 620
6194 6195
6195 426
6195 3581
6196 2778
6196 6197
6197 688
6197 3993
6198 1720
6198 2092
6199 274
6199 3450
6200 2629
6200 4326
6200 5146
6200 6201
6201 2506
6201 4743
6202 6203
6202 6205
6202 6206
6203 2336
6203 6204
6204 1921
6204 3229
6205 369
6205 405
6205 4026
6205 4098
6205 4133
6205 4312
6206 1677
6206 3722
6207 6208
6207 6210
6208 3792
6208 6209
6209 1273
6209 4930
6210 707
6210 2863
6210 3685
6210 3763
6210 6211
6210 6212
6210 9229
6211 1889
6211 2112
6212 747
6212 6213
6213 2577
6213 4875
6214 6215
6214 6218
6214 6220
6214 6222
6215 5115
6215 6216
6215 6217
6216 3622
6216 4761
6217 3353
6217 3788
6218 3970
6218 6219
6219 2567
6219 4690
6220 3478
6220 6221
6221 354
6221 3823
6222 6223
6222 6235
6223 6224
6223 6227
6224 90
6224 6225
6224 6226
6225 3003
6225 4001
6226 1459
6226 3349
6227 4716
6227 6228
6227 6230
6228 4033
6228 6229
6229 690
6229 2681
6230 1127
6230 2059
6230 5218
6230 6231
6230 6232
6230 6233
6230 6234
6231 1637
6231 9165
6231 9166
6232 2425
6232 2937
6233 1648
6233 3905
6234 2424
6234 3262
6235 3149
6235 6236
6236 306
6236 4545
6236 6237
6236 6238
6237 293
6237 2884
6238 2224
6238 3076
6238 4318
6239 6240
6239 6254
6240 3282
6240 6241
6241 6242
6241 6247
6242 666
6242 6243
6243 6244
6243 6245
6244 821
6244 1067
6245 1940
6245 6246
6246 289
6246 4588
6247 6248
6247 6249
6247 6251
6247 6253
6248 2018
6248 4181
6249 2261
6249 6250
6250 1030
6250 1148
6251 2243
6251 6252
6252 2351
6252 2457
6253 1978
6253 3008
6254 6255
6254 6261
6254 6270
6254 6274
6255 6256
6255 6257
6256 643
6256 1876
6257 6258
6257 6259
6258 2052
6258 3462
6258 5275
6259 618
6259 6260
6260 1047
6260 4780
6261 3105
6261 3219
6261 6262
6261 6269
6262 6263
6262 6265
6263 2782
6263 6264
6264 3333
6264 5143
6265 6266
6265 6268
6266 1801
6266 6267
6267 4137
6267 4895
6268 176
6268 1378
6269 1735
6269 2716
6269 4845
6269 5242
6270 6271
6270 6272
6271 449
6271 4683
6272 5069
6272 6273
6273 294
6273 1354
6274 6275
6274 6277
6274 6281
6275 2206
6275 6276
6276 1174
6276 2886
6277 949
6277 1806
6277 2168
6277 2209
6277 6278
6277 6279
6277 6280
6278 3506
6278 4234
6279 3851
6279 4816
6280 2193
6280 4824
6281 2718
6281 6282
6282 5139
6282 6283
6283 103
6283 2029
6284 6285
6284 6286
6285 228
6285 1014
6285 2652
6286 2548
6286 2965
6287 6288
6287 6302
6288 6289
6288 6297
6288 6300
6289 592
6289 794
6289 2650
6289 3891
6289 4162
6289 6290
6289 6292
6289 6294
6289 6295
6289 6296
6290 145
6290 6291
6291 2651
6291 3815
6291 4587
6292 3108
6292 6293
6293 3979
6293 4038
6293 9259
6294 1496
6294 3767
6295 2719
6295 4073
6296 1005
6296 2999
6297 6298
6297 6299
6298 1172
6298 1334
6298 2775
6299 994
6299 2463
6300 468
6300 6301
6301 916
6301 9253
6302 269
6302 5193
6302 6303
6303 3743
6303 4343
6303 4467
6303 5161
6304 6305
6304 6306
6305 1530
6305 1936
6306 263
6306 2348
6307 2012
6307 2460
6308 903
6308 6309
6308 6310
6308 6311
6308 6312
6308 6313
6309 244
6309 2693
6310 551
6310 4333
6311 265
6311 714
6312 1491
6312 4708
6313 1175
6313 5167
6314 5303
6314 6315
6314 6404
6314 6534
6314 6560
6314 6580
6314 6589
6314 6597
6314 6604
6314 6617
6314 6620
6314 6622
6314 6624
6314 6625
6314 6626
6314 6628
6314 6629
6314 6631
6315 6316
6315 6333
6315 6364
6315 6378
6315 6392
6315 6393
6315 6401
6316 6317
6316 6331
6317 6318
6317 6321
6317 6323
6317 6325
6317 6326
6318 5150
6318 6319
6318 6320
6319 1777
6319 2854
6320 1051
6320 3429
6321 4942
6321 6322
6322 380
6322 2180
6322 2750
6322 3542
6323 1199
6323 6324
6324 400
6324 1937
6325 82
6325 5154
6326 288
6326 6327
6326 6328
6327 1961
6327 4221
6328 6329
6328 6330
6329 1507
6329 1901
6330 2720
6330 4426
6331 71
6331 3806
6331 6332
6332 239
6332 3505
6333 6334
6333 6358
6333 6363
6334 6335
6334 6346
6335 6336
6335 6339
6336 4122
6336 6337
6336 6338
6337 1478
6337 3507
6337 4627
6338 2654
6338 2918
6339 6340
6339 6343
6339 6345
6340 2287
6340 6341
6341 5142
6341 6342
6342 1828
6342 4215
6343 3615
6343 6344
6344 1283
6344 4395
6345 3502
6345 4847
6346 6347
6346 6357
6347 6348
6347 6353
6348 2175
6348 2820
6348 4265
6348 4950
6348 6349
6348 6350
6348 6351
6349 49
6349 4128
6349 5488
6350 2572
6350 4456
6351 355
6351 1470
6351 6352
6352 1612
6352 2630
6353 3661
6353 6354
6353 6355
6354 1082
6354 1737
6355 2346
6355 6356
6356 308
6356 1659
6356 9122
6357 4285
6357 5261
6358 6359
6358 6362
6359 764
6359 6360
6360 1159
6360 4383
6360 4959
6360 6361
6361 2574
6361 5105
6362 2016
6362 5171
6363 696
6363 3560
6364 6365
6364 6375
6365 3978
6365 4202
6365 6366
6365 6369
6365 6371
6365 6373
6365 6374
6366 3278
6366 6367
6367 663
6367 6368
6368 659
6368 3643
6369 630
6369 1599
6369 6370
6370 1707
6370 4719
6371 1695
6371 6372
6372 3559
6372 4014
6373 1322
6373 4501
6374 2639
6374 4535
6375 1447
6375 6376
6376 813
6376 6377
6377 275
6377 2466
6378 6379
6378 6381
6378 6384
6379 242
6379 1393
6379 4829
6379 6380
6380 3016
6380 4020
6381 2126
6381 6382
6382 3918
6382 6383
6383 1346
6383 2217
6384 6385
6384 6386
6384 6390
6385 193
6385 4754
6386 157
6386 6387
6387 132
6387 6388
6388 3325
6388 6389
6389 1965
6389 3347
6390 3845
6390 6391
6391 1098
6391 3203
6392 2174
6392 3548
6393 3522
6393 4129
6393 4267
6393 6394
6393 6396
6393 6397
6394 5041
6394 6395
6395 1042
6395 4778
6396 1483
6396 3495
6397 4764
6397 6398
6397 6399
6397 6400
6398 1077
6398 2459
6399 3737
6399 4926
6400 1486
6400 3981
6401 3924
6401 6402
6402 3306
6402 6403
6403 2335
6403 3805
6404 6405
6404 6512
6404 6530
6404 6531
6405 6406
6405 6462
6405 6473
6405 6481
6405 6488
6405 6491
6405 6494
6405 6508
6406 6407
6406 6436
6406 6457
6407 3620
6407 6408
6408 6409
6408 6416
6408 6423
6408 6429
6408 6434
6409 6410
6409 6412
6409 6414
6410 47
6410 1087
6410 3383
6410 3417
6410 4737
6410 4928
6410 6411
6411 1523
6411 3380
6412 3436
6412 6413
6413 1194
6413 1962
6414 2436
6414 6415
6415 519
6415 1016
6416 6417
6416 6418
6417 1770
6417 4270
6418 3509
6418 6419
6418 6420
6419 1137
6419 2634
6420 3907
6420 6421
6421 3527
6421 6422
6422 759
6422 2104
6423 1886
6423 6424
6424 6425
6424 6426
6424 6427
6425 2801
6425 2976
6426 1794
6426 2325
6426 2519
6427 5390
6427 6428
6428 3775
6428 5474
6429 3473
6429 6430
6429 6432
6429 6433
6430 5009
6430 6431
6431 849
6431 2060
6432 533
6432 3369
6433 1714
6433 3731
6433 5120
6434 52
6434 53
6434 3808
6434 5117
6434 6435
6434 9198
6435 1242
6435 3246
6435 5357
6436 6437
6436 6449
6437 6438
6437 6446
6438 2362
6438 6439
6438 6441
6438 6442
6439 2042
6439 6440
6440 1164
6440 4869
6441 497
6441 2084
6442 1935
6442 4599
6442 6443
6443 1508
6443 2980
6443 3356
6443 3814
6443 6444
6443 6445
6444 858
6444 1105
6445 2590
6445 4534
6446 3662
6446 6447
6447 4633
6447 6448
6448 2095
6448 4362
6449 6450
6449 6455
6449 6456
6450 4079
6450 6451
6450 6453
6450 6454
6451 4330
6451 6452
6452 171
6452 395
6453 1529
6453 3635
6454 2476
6454 2866
6455 3173
6455 4550
6456 4088
6456 4988
6457 1652
6457 6458
6458 6459
6458 6460
6459 3749
6459 4520
6460 3912
6460 6461
6461 183
6461 5277
6462 1654
6462 6463
6463 6464
6463 6466
6463 6467
6464 926
6464 6465
6465 909
6465 5426
6466 235
6466 4214
6467 4352
6467 6468
6467 6469
6467 6470
6467 6471
6468 1299
6468 2357
6469 1400
6469 4664
6470 3928
6470 5223
6471 5132
6471 6472
6472 2915
6472 3035
6473 6474
6473 6480
6474 2290
6474 2559
6474 6475
6474 6478
6474 6479
6475 1607
6475 6476
6476 5033
6476 6477
6477 197
6477 4009
6478 524
6478 2434
6479 1633
6479 2310
6479 4958
6480 611
6480 3470
6481 1288
6481 6482
6482 1967
6482 6483
6482 6484
6482 6485
6482 6486
6483 1033
6483 4495
6484 2554
6484 3326
6485 1855
6485 4994
6486 1208
6486 2467
6486 6487
6487 516
6487 2234
6487 3745
6488 6489
6488 6490
6489 726
6489 1348
6489 2152
6490 339
6490 5276
6491 4591
6491 6492
6492 3313
6492 6493
6493 1128
6493 1335
6494 6495
6494 6497
6494 6502
6494 6504
6494 6505
6495 3725
6495 6496
6496 128
6496 1573
6496 2777
6497 6498
6497 6501
6498 2009
6498 6499
6499 3188
6499 6500
6500 1319
6500 3652
6501 2604
6501 4914
6502 4653
6502 6503
6503 2070
6503 3668
6504 138
6504 1712
6505 1563
6505 5095
6505 6506
6506 4617
6506 6507
6507 929
6507 3294
6508 6509
6508 6511
6509 4916
6509 6510
6510 2312
6510 4203
6511 4366
6511 4499
6512 6513
6512 6527
6513 6514
6513 6523
6514 6515
6514 6522
6515 797
6515 969
6515 6516
6515 6517
6516 2663
6516 2853
6517 344
6517 1964
6517 6518
6517 6519
6517 6520
6517 6521
6518 5204
6518 5497
6519 2411
6519 2770
6520 525
6520 3659
6521 530
6521 4281
6522 895
6522 2993
6523 934
6523 6524
6524 3532
6524 6525
6525 116
6525 6526
6526 1691
6526 3844
6527 2020
6527 6528
6528 3069
6528 6529
6529 4269
6529 5483
6530 1109
6530 1596
6531 6532
6531 6533
6532 3211
6532 4689
6533 925
6533 5153
6534 6535
6534 6556
6534 6557
6535 6536
6535 6540
6535 6546
6535 6550
6535 6552
6536 1877
6536 4702
6536 5030
6536 6537
6536 6538
6536 6539
6537 1207
6537 4662
6538 1398
6538 4586
6539 3033
6539 4753
6540 2549
6540 6541
6541 1923
6541 6542
6542 120
6542 1747
6542 6543
6542 6544
6543 3911
6543 9182
6543 9183
6544 162
6544 6545
6545 2300
6545 3765
6546 88
6546 3167
6546 6547
6546 6548
6547 391
6547 1329
6548 2278
6548 6549
6549 1517
6549 4086
6550 4425
6550 6551
6551 546
6551 2251
6552 119
6552 3997
6552 4734
6552 6553
6553 1987
6553 6554
6553 6555
6554 425
6554 4452
6555 5138
6555 5159
6556 3951
6556 4193
6557 4853
6557 6558
6557 6559
6558 869
6558 5077
6559 1869
6559 4910
6560 6561
6560 6565
6560 6569
6560 6573
6560 6575
6561 3836
6561 6562
6562 6563
6562 6564
6563 2023
6563 2813
6564 76
6564 2597
6565 6566
6565 6567
6566 272
6566 4141
6566 4346
6567 935
6567 6568
6568 2606
6568 2974
6569 3838
6569 6570
6570 3717
6570 6571
6571 4998
6571 6572
6572 1684
6572 3605
6573 3284
6573 6574
6574 3372
6574 4651
6575 6576
6575 6578
6576 3927
6576 6577
6577 3943
6577 5256
6578 156
6578 1680
6578 6579
6579 746
6579 2356
6580 6581
6580 6587
6581 6582
6581 6585
6581 6586
6582 2758
6582 6583
6583 2329
6583 6584
6584 3923
6584 5222
6585 3476
6585 4045
6586 1355
6586 5258
6587 2089
6587 6588
6588 3764
6588 4792
6589 6590
6589 6594
6590 1241
6590 6591
6591 6592
6591 6593
6592 1239
6592 4842
6593 1024
6593 4313
6594 4755
6594 6595
6595 1548
6595 5058
6595 6596
6596 1342
6596 2870
6597 6598
6597 6602
6598 6599
6598 6601
6599 2747
6599 6600
6600 182
6600 1071
6601 1816
6601 3102
6602 4358
6602 6603
6603 1719
6603 2847
6604 6605
6604 6615
6605 6606
6605 6611
6606 4341
6606 6607
6606 6609
6607 140
6607 185
6607 6608
6608 3569
6608 3658
6609 1839
6609 6610
6610 1494
6610 4541
6611 2751
6611 6612
6611 6613
6612 1126
6612 1915
6613 4350
6613 6614
6614 3719
6614 4173
6615 4841
6615 6616
6616 1912
6616 2355
6617 1577
6617 6618
6618 5052
6618 6619
6619 1441
6619 4000
6620 1957
6620 6621
6621 2724
6621 5066
6622 5412
6622 6623
6622 9190
6623 5353
6623 5470
6624 255
6624 774
6625 1182
6625 2621
6626 2258
6626 6627
6627 1850
6627 2173
6628 3179
6628 4738
6629 2883
6629 6630
6630 1309
6630 3467
6631 2062
6631 5088
6631 6632
6631 6633
6631 6634
6632 669
6632 3466
6633 3750
6633 5487
6634 2489
6634 3459
6634 3665
6635 6636
6635 6689
6636 6637
6636 6684
6637 6638
6637 6649
6637 6678
6638 6639
6638 6645
6638 6647
6639 6640
6639 6642
6639 6643
6640 5347
6640 5375
6640 5420
6640 5476
6640 6641
6641 5368
6641 5381
6642 3618
6642 3958
6643 5358
6643 6644
6644 5360
6644 5393
6645 3319
6645 6646
6646 883
6646 1538
6647 2691
6647 6648
6648 2086
6648 4654
6649 6650
6649 6659
6650 6651
6650 6657
6650 6658
6651 2370
6651 6652
6652 5442
6652 6653
6652 6654
6653 5405
6653 5418
6654 5423
6654 6655
6654 6656
6654 9195
6655 1038
6655 5398
6656 5321
6656 5459
6657 2271
6657 4400
6657 4548
6658 428
6658 9270
6659 4887
6659 6660
6659 6665
6659 6670
6659 6672
6659 6676
6660 6661
6660 6664
6661 2726
6661 6662
6661 6663
6662 102
6662 3920
6663 1883
6663 2938
6664 1012
6664 3660
6665 2492
6665 6666
6665 6669
6666 101
6666 509
6666 777
6666 2781
6666 6667
6666 6668
6667 1326
6667 2101
6668 1540
6668 2706
6669 515
6669 3115
6670 2671
6670 6671
6671 466
6671 1192
6671 5265
6672 1284
6672 6673
6672 6675
6673 2259
6673 6674
6674 368
6674 3988
6675 332
6675 4484
6676 4922
6676 5345
6676 6677
6677 3334
6677 4590
6678 2058
6678 6679
6679 6680
6679 6682
6680 2205
6680 6681
6681 853
6681 5141
6682 5289
6682 6683
6683 819
6683 2301
6684 6685
6684 6688
6685 325
6685 6686
6686 4431
6686 6687
6687 2925
6687 4427
6688 570
6688 579
6689 3078
6689 6690
6689 6703
6689 6707
6689 6708
6690 6691
6690 6702
6691 6692
6691 6697
6692 6693
6692 6694
6692 6696
6693 5317
6693 5349
6694 5415
6694 6695
6695 5314
6695 5356
6695 5361
6695 5465
6696 5378
6696 5437
6697 5312
6697 5316
6697 6698
6697 6700
6697 6701
6698 5333
6698 6699
6699 5384
6699 5432
6700 5397
6700 5456
6701 5444
6701 5484
6702 1994
6702 3694
6703 6704
6703 6705
6704 4917
6704 4972
6705 106
6705 6706
6706 2552
6706 4526
6707 3086
6707 4093
6708 1546
6708 6709
6709 791
6709 4840
6710 6711
6710 6740
6711 6712
6711 6722
6711 6726
6711 6732
6712 6713
6712 6718
6713 1270
6713 6714
6714 6715
6714 6716
6715 763
6715 2535
6715 2586
6716 3842
6716 6717
6717 2598
6717 3007
6718 6719
6718 6720
6718 6721
6719 1163
6719 2773
6720 4148
6720 4704
6721 854
6721 2596
6722 6723
6722 6725
6723 4155
6723 6724
6724 1165
6724 5133
6725 2541
6725 2877
6726 6727
6726 6731
6727 6728
6727 6729
6728 1534
6728 1952
6729 1279
6729 6730
6730 952
6730 5240
6731 1521
6731 2497
6732 5326
6732 6733
6733 6734
6733 6737
6734 1168
6734 3087
6734 4420
6734 6735
6735 3424
6735 6736
6736 2247
6736 5250
6737 4903
6737 6738
6737 6739
6738 2132
6738 4925
6739 2940
6739 5492
6740 6741
6740 6745
6741 1716
6741 6742
6741 6743
6742 164
6742 728
6743 1838
6743 6744
6744 1170
6744 2759
6745 1001
6745 3039
6745 3853
6745 6746
6746 4474
6746 6747
6747 2568
6747 4982
6748 2456
6748 3046
6748 3485
6748 6749
6748 6756
6748 6768
6748 6777
6748 6780
6748 6781
6748 6782
6748 6783
6748 6784
6748 6785
6748 6786
6749 1857
6749 6750
6750 437
6750 2383
6750 3431
6750 3521
6750 6751
6750 6754
6750 6755
6751 196
6751 6752
6752 5241
6752 6753
6753 330
6753 803
6754 3139
6754 4283
6755 987
6755 2966
6756 6757
6756 6765
6757 3494
6757 6758
6757 6760
6757 6762
6757 6763
6757 6764
6758 597
6758 3678
6758 6759
6759 2146
6759 4769
6760 4103
6760 6761
6761 1124
6761 3596
6762 1268
6762 2715
6762 3779
6763 1356
6763 2318
6764 2501
6764 2746
6764 4835
6765 6766
6765 6767
6766 3636
6766 4703
6767 1593
6767 4874
6768 6769
6768 6772
6769 569
6769 6770
6770 4507
6770 6771
6771 1640
6771 1872
6772 6773
6772 6775
6773 995
6773 6774
6774 616
6774 3540
6775 3641
6775 6776
6776 3013
6776 5300
6777 3724
6777 3846
6777 6778
6778 622
6778 1445
6778 6779
6779 1281
6779 1587
6780 190
6780 1796
6780 5152
6780 5168
6780 5264
6781 367
6781 831
6781 2767
6782 166
6782 278
6783 1825
6783 2659
6783 4554
6784 2705
6784 4404
6785 1425
6785 1532
6786 305
6786 4428
6787 2504
6787 6788
6787 6817
6787 6834
6787 6842
6787 6856
6787 6862
6787 6871
6787 6875
6787 6879
6787 6885
6787 6886
6788 6789
6788 6809
6788 6815
6789 2576
6789 6790
6790 6791
6790 6800
6790 6802
6790 6805
6790 6808
6791 2071
6791 6792
6791 6796
6791 6798
6792 6793
6792 6795
6793 470
6793 3214
6793 6794
6794 227
6794 1767
6795 1135
6795 4354
6796 4268
6796 6797
6797 701
6797 4919
6797 5155
6798 751
6798 6799
6799 4436
6799 4834
6800 2389
6800 6801
6801 340
6801 1019
6801 1583
6801 2895
6801 4059
6802 2262
6802 3377
6802 6803
6803 1759
6803 6804
6804 2973
6804 5186
6805 2464
6805 6806
6806 3580
6806 6807
6807 1008
6807 1118
6808 3841
6808 4490
6809 6810
6809 6811
6809 6812
6809 6813
6809 6814
6810 357
6810 3598
6811 2525
6811 4677
6812 1388
6812 4115
6813 578
6813 2875
6814 1643
6814 4510
6815 30
6815 6816
6816 3852
6816 5450
6817 6818
6817 6822
6817 6825
6817 6827
6817 6828
6818 901
6818 6819
6819 6820
6819 6821
6820 1408
6820 1963
6821 214
6821 3271
6822 6823
6822 6824
6823 5359
6823 5427
6824 4085
6824 5467
6825 3995
6825 6826
6826 3562
6826 4213
6827 838
6827 1230
6828 6829
6828 6833
6829 349
6829 6830
6829 6831
6830 1917
6830 2013
6831 4810
6831 6832
6832 785
6832 1743
6833 4188
6833 9129
6834 6835
6834 6839
6834 6841
6835 2653
6835 3774
6835 6836
6836 6837
6836 6838
6837 3269
6837 4288
6837 4760
6838 2075
6838 3672
6839 531
6839 6840
6840 1039
6840 1662
6841 2636
6841 4483
6842 6843
6842 6853
6842 6855
6843 6844
6843 6852
6844 6845
6844 6847
6845 3224
6845 6846
6846 891
6846 4897
6847 811
6847 894
6847 6848
6847 6849
6848 1221
6848 1919
6849 6850
6849 6851
6850 4096
6850 4801
6850 4812
6851 834
6851 1364
6852 3388
6852 9167
6853 997
6853 6854
6854 1551
6854 3344
6855 892
6855 4403
6856 1196
6856 6857
6857 6858
6857 6859
6858 1482
6858 3698
6858 5173
6859 3158
6859 6860
6859 6861
6860 46
6860 3457
6861 4613
6861 5160
6862 6863
6862 6869
6863 6864
6863 6866
6864 2277
6864 6865
6865 2848
6865 4208
6866 1898
6866 2657
6866 6867
6867 1434
6867 6868
6868 40
6868 1615
6869 172
6869 6870
6870 1369
6870 4647
6871 6872
6871 6873
6871 6874
6872 2960
6872 4859
6873 2339
6873 5441
6874 3017
6874 4509
6875 4218
6875 6876
6876 4156
6876 4229
6876 6877
6877 2241
6877 2985
6877 6878
6878 652
6878 931
6879 6880
6879 6881
6879 6883
6880 1475
6880 3093
6881 3312
6881 6882
6882 4042
6882 4707
6883 2260
6883 6884
6884 4513
6884 5500
6885 2917
6885 4650
6886 6887
6886 6888
6887 286
6887 2050
6888 981
6888 4447
6889 6890
6889 6896
6889 6901
6889 6904
6889 6905
6889 6908
6889 6909
6890 6891
6890 6895
6891 6892
6891 6893
6892 577
6892 2001
6892 3023
6893 4516
6893 6894
6894 1725
6894 5170
6895 2419
6895 3126
6896 6897
6896 6899
6897 1926
6897 4519
6897 6898
6898 98
6898 3868
6899 2090
6899 6900
6900 3430
6900 3870
6901 6902
6901 6903
6902 619
6902 4901
6903 4569
6903 4891
6904 1122
6904 2797
6905 5473
6905 6906
6906 1736
6906 6907
6907 3133
6907 4578
6908 5320
6908 5451
6909 1849
6909 2889
6909 6910
6910 165
6910 6911
6911 723
6911 1402
6912 6913
6912 6925
6913 3906
6913 6914
6914 6915
6914 6923
6915 6916
6915 6919
6916 2802
6916 6917
6917 440
6917 6918
6918 1675
6918 2240
6918 4287
6919 2550
6919 2739
6919 2785
6919 6920
6920 2619
6920 3612
6920 6921
6921 229
6921 889
6921 3304
6921 6922
6922 3937
6922 3953
6923 423
6923 6924
6924 2637
6924 3549
6925 2196
6925 6926
6925 6928
6925 6929
6926 4092
6926 6927
6927 786
6927 5068
6928 5
6928 2486
6929 483
6929 6930
6930 5486
6930 6931
6931 1882
6931 3208
6932 6933
6932 6957
6933 1035
6933 3625
6933 5202
6933 6934
6933 6940
6933 6944
6933 6947
6933 6949
6933 6951
6933 6952
6933 6953
6933 6954
6934 6935
6934 6938
6935 1574
6935 4049
6935 4421
6935 6936
6935 6937
6936 1726
6936 1748
6936 1989
6937 2414
6937 4739
6938 2680
6938 6939
6939 906
6939 1201
6940 4774
6940 6941
6940 6942
6941 3400
6941 3705
6942 1998
6942 3322
6942 6943
6943 693
6943 3990
6944 1190
6944 6945
6945 4392
6945 6946
6946 1750
6946 3536
6947 2043
6947 6948
6948 4114
6948 4241
6949 63
6949 6950
6950 5395
6950 5472
6951 798
6951 1515
6952 2292
6952 2856
6953 141
6953 1644
6954 2997
6954 4770
6954 5495
6954 6955
6955 313
6955 4860
6955 6956
6956 1706
6956 3130
6957 6958
6957 6961
6957 6963
6957 6965
6958 6959
6958 6960
6959 3201
6959 3793
6960 4110
6960 5362
6961 1413
6961 6962
6962 2212
6962 2417
6963 70
6963 6964
6964 1155
6964 1751
6965 3324
6965 6966
6966 5363
6966 6967
6967 4276
6967 6968
6968 1173
6968 5011
6969 3338
6969 6970
6969 6971
6970 5310
6970 5458
6971 4286
6971 6972
6972 5339
6972 5376
6972 5407
6972 5434
6972 5482
6972 6973
6973 5332
6973 5403
6974 4605
6974 6975
6975 2804
6975 2893
6975 3651
6975 6976
6976 5113
6976 6977
6977 2560
6977 4046
6978 6979
6978 6982
6979 2477
6979 6980
6980 2309
6980 2564
6980 3510
6980 6981
6981 2648
6981 3942
6982 748
6982 6983
6983 6984
6983 6986
6984 4584
6984 6985
6985 4036
6985 4873
6986 4481
6986 6987
6987 2505
6987 4789
6988 552
6988 4296
6988 4600
6988 6989
6988 6992
6989 6990
6989 6991
6990 542
6990 2264
6991 333
6991 3374
6992 201
6992 6993
6993 1324
6993 2959
6994 6995
6994 6996
6994 6997
6995 2125
6995 3398
6996 1117
6996 1226
6997 316
6997 3888
6998 6999
6998 7000
6999 1108
6999 2570
6999 4294
6999 4437
7000 7001
7000 7005
7001 7002
7001 7004
7002 3427
7002 7003
7003 319
7003 3456
7004 1490
7004 3840
7005 1830
7005 7006
7005 7007
7006 1975
7006 4217
7007 1871
7007 4921
7008 3628
7008 7009
7009 3729
7009 5485
7010 2004
7010 7011
7011 3491
7011 7012
7012 317
7012 4713
7013 2786
7013 7014
7014 1115
7014 7015
7015 1514
7015 4999
7016 5287
7016 7017
7016 7018
7016 7022
7016 7024
7016 7025
7017 711
7017 4924
7018 7019
7018 7021
7019 3049
7019 7020
7020 167
7020 990
7021 2764
7021 3493
7022 2575
7022 7023
7023 1932
7023 5026
7024 2155
7024 5228
7025 7026
7025 7027
7026 2531
7026 3090
7027 2314
7027 7028
7028 3307
7028 3366
7029 1642
7029 5200
7030 7031
7030 7566
7030 7567
7030 9132
7031 3771
7031 5197
7031 7032
7031 7556
7031 7560
7031 7562
7031 7563
7032 2679
7032 7033
7032 7334
7032 7424
7032 7478
7032 7501
7032 7534
7032 7546
7032 7550
7032 7552
7032 7553
7032 7554
7033 7034
7033 7175
7033 7210
7033 7221
7033 7276
7034 7035
7034 7154
7035 7036
7035 7077
7035 7108
7035 7110
7035 7120
7036 7037
7036 7072
7037 7038
7037 7040
7037 7043
7037 7045
7037 7052
7038 893
7038 7039
7039 947
7039 4905
7040 7041
7040 7042
7041 2723
7041 4327
7042 1727
7042 3014
7043 1945
7043 7044
7044 2171
7044 5046
7045 2213
7045 2272
7045 7046
7045 7047
7045 7048
7045 7049
7046 832
7046 4465
7047 2323
7047 3348
7047 4525
7048 234
7048 3321
7049 7050
7049 7051
7050 1705
7050 4204
7051 3329
7051 4449
7052 7053
7052 7055
7053 1078
7053 1572
7053 5179
7053 7054
7054 4488
7054 4892
7055 7056
7055 7057
7055 7058
7055 7059
7055 7063
7055 7065
7056 1058
7056 2684
7057 3287
7057 5234
7058 3289
7058 3790
7058 3919
7059 7060
7059 7061
7060 2515
7060 2520
7061 2458
7061 7062
7062 3529
7062 3789
7063 2591
7063 7064
7064 1664
7064 3508
7065 7066
7065 7067
7065 7070
7066 492
7066 9235
7067 7068
7067 7069
7068 2526
7068 4886
7069 500
7069 2399
7070 5108
7070 7071
7071 2536
7071 3074
7071 4035
7072 7073
7072 7075
7073 1162
7073 7074
7074 648
7074 843
7075 273
7075 7076
7076 1556
7076 3824
7077 7078
7077 7092
7078 7079
7078 7089
7079 2488
7079 4249
7079 7080
7079 7081
7079 7082
7079 7083
7079 7084
7079 7086
7080 3045
7080 3949
7081 491
7081 4064
7082 1202
7082 2858
7083 3575
7083 4311
7084 4451
7084 7085
7085 870
7085 2249
7086 1382
7086 1906
7086 3666
7086 7087
7086 7088
7087 3950
7087 4915
7088 580
7088 1094
7089 526
7089 1562
7089 2862
7089 7090
7089 7091
7090 2872
7090 4543
7091 3272
7091 4252
7092 7093
7092 7096
7093 7094
7093 7095
7094 2025
7094 3550
7094 4944
7095 793
7095 1708
7096 583
7096 3343
7096 4846
7096 7097
7096 7098
7096 7105
7096 7107
7097 480
7097 1809
7097 2498
7097 4748
7098 3586
7098 7099
7098 7102
7098 7103
7098 7104
7099 2753
7099 7100
7099 7101
7100 2780
7100 5239
7101 3239
7101 4593
7102 1253
7102 5305
7103 3968
7103 4782
7104 5063
7104 9162
7105 5040
7105 7106
7106 550
7106 3783
7107 2398
7107 4731
7108 3623
7108 7109
7109 112
7109 323
7109 1874
7109 2067
7109 2078
7109 2226
7109 3088
7109 3963
7109 4201
7109 4413
7110 7111
7110 7116
7111 7112
7111 7114
7112 3758
7112 7113
7113 2267
7113 3983
7114 4955
7114 7115
7115 675
7115 5102
7116 2321
7116 7117
7116 7119
7117 2428
7117 7118
7118 1272
7118 2404
7119 4021
7119 5181
7120 7121
7120 7129
7121 7122
7121 7126
7122 7123
7122 7124
7123 2757
7123 2850
7124 1783
7124 4099
7124 4374
7124 7125
7125 656
7125 4720
7126 381
7126 7127
7127 3254
7127 7128
7128 2331
7128 4663
7129 850
7129 3168
7129 7130
7129 7134
7129 7137
7129 7139
7129 7141
7129 7142
7129 7143
7129 7144
7129 7145
7130 199
7130 4804
7130 5118
7130 7131
7130 7132
7131 65
7131 2656
7132 705
7132 7133
7133 335
7133 3996
7134 7135
7134 7136
7135 2454
7135 5111
7136 3236
7136 4027
7137 1418
7137 7138
7138 126
7138 1628
7139 862
7139 1432
7139 7140
7140 1191
7140 2970
7141 2442
7141 3886
7142 203
7142 2427
7143 1799
7143 2919
7144 1769
7144 4454
7145 844
7145 2048
7145 7146
7146 108
7146 2110
7146 2423
7146 3496
7146 7147
7146 7148
7146 7149
7146 7150
7146 7152
7146 7153
7147 897
7147 1778
7148 3118
7148 4831
7149 506
7149 3630
7150 3847
7150 7151
7151 1526
7151 2527
7152 738
7152 2281
7153 3153
7153 4784
7154 7155
7154 7164
7154 7166
7155 7156
7155 7159
7156 1683
7156 7157
7157 5089
7157 7158
7158 389
7158 1984
7159 7160
7159 7162
7160 5236
7160 7161
7161 588
7161 2615
7162 2512
7162 7163
7163 336
7163 1497
7164 2793
7164 7165
7165 1022
7165 1605
7166 7167
7166 7169
7166 7171
7167 1409
7167 7168
7168 2859
7168 4462
7169 1773
7169 7170
7170 424
7170 1235
7171 7172
7171 7173
7172 498
7172 3607
7173 348
7173 7174
7174 460
7174 1010
7175 7176
7175 7205
7176 7177
7176 7204
7177 7178
7177 7198
7178 7179
7178 7188
7179 7180
7179 7185
7179 7186
7180 3984
7180 7181
7180 7184
7181 4966
7181 7182
7182 686
7182 7183
7183 2844
7183 4553
7184 299
7184 9159
7185 232
7185 4261
7186 3165
7186 7187
7187 2745
7187 3382
7188 7189
7188 7196
7189 7190
7189 7191
7189 7193
7190 2361
7190 4048
7191 223
7191 7192
7192 3370
7192 4206
7193 998
7193 4277
7193 4556
7193 4572
7193 7194
7193 7195
7194 2364
7194 4817
7195 3190
7195 4629
7195 4794
7196 250
7196 7197
7197 2984
7197 3000
7198 4849
7198 7199
7199 7200
7199 7203
7200 7201
7200 7202
7201 436
7201 4898
7202 1280
7202 2926
7203 1416
7203 2609
7204 1158
7204 2665
7205 3896
7205 7206
7205 7207
7206 2392
7206 3501
7207 5128
7207 7208
7208 4568
7208 7209
7209 4197
7209 4624
7209 5274
7210 4920
7210 7211
7210 7216
7210 7218
7210 7219
7210 7220
7211 888
7211 7212
7212 7213
7212 7215
7213 4257
7213 4598
7213 7214
7214 4678
7214 4866
7215 1758
7215 3747
7216 1860
7216 7217
7217 1859
7217 3933
7218 4305
7218 4610
7219 1154
7219 1851
7220 2452
7220 2754
7221 4324
7221 7222
7221 7235
7221 7248
7221 7258
7221 7263
7221 7265
7221 7268
7221 7270
7222 2352
7222 4883
7222 7223
7222 7231
7222 7232
7223 7224
7223 7229
7224 7225
7224 7227
7225 2144
7225 3861
7225 7226
7226 629
7226 1222
7226 4529
7226 5255
7227 3238
7227 4560
7227 7228
7228 3537
7228 5294
7229 2983
7229 7230
7230 1152
7230 3941
7231 2676
7231 2799
7232 3903
7232 7233
7233 1353
7233 7234
7234 604
7234 1374
7235 7236
7235 7241
7235 7244
7236 7237
7236 7239
7237 143
7237 807
7237 1711
7237 1864
7237 4680
7237 7238
7238 2874
7238 4990
7239 7240
7239 9173
7240 1141
7240 3985
7241 1244
7241 4531
7241 7242
7242 575
7242 7243
7243 2445
7243 3533
7244 3484
7244 7245
7245 2367
7245 7246
7246 4614
7246 7247
7247 1693
7247 2784
7248 7249
7248 7256
7249 1704
7249 1813
7249 7250
7249 7251
7249 7253
7249 7254
7250 1166
7250 2253
7251 5029
7251 7252
7252 590
7252 3512
7253 435
7253 1619
7254 4207
7254 7255
7255 2113
7255 3859
7256 4372
7256 7257
7257 1701
7257 4424
7258 3626
7258 7259
7258 7262
7259 1843
7259 7260
7259 7261
7260 2788
7260 3895
7261 647
7261 3692
7262 1638
7262 4199
7263 1240
7263 7264
7264 4195
7264 4795
7265 3148
7265 7266
7266 2487
7266 7267
7267 3125
7267 5001
7268 3695
7268 7269
7269 261
7269 3314
7270 4015
7270 7271
7270 7272
7270 7273
7270 7274
7271 2712
7271 4019
7272 4144
7272 5165
7273 1345
7273 4726
7274 1832
7274 7275
7275 2979
7275 3971
7276 1819
7276 7277
7276 7302
7276 7308
7276 7319
7276 7323
7276 7325
7276 7328
7276 7329
7276 7332
7276 7333
7277 7278
7277 7285
7278 7279
7278 7282
7279 2007
7279 3571
7279 7280
7280 481
7280 1908
7280 3263
7280 7281
7281 991
7281 1000
7282 7283
7282 7284
7283 3583
7283 3631
7284 980
7284 2472
7285 1347
7285 7286
7286 7287
7286 7295
7286 7298
7287 7288
7287 7294
7288 691
7288 2495
7288 7289
7288 7291
7288 7292
7288 7293
7289 1600
7289 2947
7289 7290
7290 3610
7290 5043
7291 1431
7291 3433
7292 1116
7292 5244
7293 445
7293 2320
7293 2328
7293 3062
7293 3337
7293 4321
7294 3420
7294 3759
7295 7296
7295 7297
7296 585
7296 3075
7297 3477
7297 4857
7298 4121
7298 7299
7298 7300
7299 105
7299 135
7300 1477
7300 7301
7301 3530
7301 3711
7302 7303
7302 7305
7302 7306
7302 7307
7303 7304
7303 9206
7304 1427
7304 4479
7305 1948
7305 2080
7306 1472
7306 1878
7307 1802
7307 2195
7308 4396
7308 7309
7308 7314
7308 7316
7308 7317
7308 7318
7309 2440
7309 7310
7310 7311
7310 7313
7311 493
7311 2632
7311 7312
7312 719
7312 2345
7313 761
7313 3860
7314 1009
7314 3710
7314 7315
7315 246
7315 3681
7316 192
7316 5050
7317 4706
7317 4728
7318 879
7318 3401
7319 4825
7319 7320
7320 1947
7320 7321
7321 1025
7321 1310
7321 1365
7321 7322
7322 3964
7322 5346
7323 1597
7323 7324
7324 1080
7324 1733
7324 2133
7325 5387
7325 7326
7325 7327
7326 3226
7326 4244
7327 4124
7327 4790
7328 665
7328 2008
7329 1269
7329 7330
7330 4057
7330 7331
7331 1772
7331 4198
7332 1500
7332 2752
7333 3945
7333 3959
7334 7335
7334 7415
7335 7336
7335 7386
7335 7403
7336 7337
7336 7364
7336 7385
7337 2967
7337 7338
7337 7354
7337 7355
7337 7357
7337 7358
7337 7359
7337 7360
7337 7363
7338 2015
7338 2019
7338 7339
7338 7347
7338 7351
7339 7340
7339 7342
7339 7345
7340 1104
7340 7341
7341 867
7341 2692
7341 4787
7342 2163
7342 7343
7343 2455
7343 2821
7343 7344
7344 655
7344 3357
7344 3956
7345 2555
7345 5035
7345 7346
7346 1352
7346 3411
7347 7348
7347 7349
7348 2547
7348 5034
7349 5266
7349 7350
7350 1656
7350 1765
7351 3608
7351 4453
7351 4744
7351 7352
7352 1079
7352 7353
7353 1774
7353 4965
7354 312
7354 534
7354 744
7355 150
7355 7356
7356 4552
7356 4890
7357 451
7357 2096
7357 3468
7358 297
7358 9141
7359 756
7359 1250
7360 4652
7360 7361
7360 7362
7361 962
7361 4263
7362 4235
7362 5151
7363 725
7363 760
7364 662
7364 7365
7365 908
7365 2083
7365 2448
7365 7366
7365 7375
7365 7380
7365 7384
7366 7367
7366 7371
7366 7374
7367 7368
7367 7369
7368 189
7368 1533
7369 1300
7369 7370
7370 2263
7370 4904
7371 2696
7371 7372
7372 4170
7372 7373
7373 3336
7373 3744
7374 1942
7374 3639
7375 7376
7375 7379
7376 7377
7376 7378
7377 1454
7377 4992
7378 2810
7378 3213
7379 373
7379 4440
7380 4337
7380 7381
7380 7382
7380 7383
7381 471
7381 1015
7382 419
7382 2989
7383 2812
7383 4823
7384 266
7384 4691
7385 4604
7385 5147
7386 7387
7386 7402
7387 7388
7387 7396
7388 4723
7388 7389
7389 1866
7389 7390
7389 7395
7390 2608
7390 7391
7390 7394
7391 7392
7391 7393
7392 1842
7392 4827
7392 5006
7393 2830
7393 5099
7394 887
7394 4701
7395 111
7395 1257
7396 7397
7396 7399
7396 7401
7397 989
7397 7398
7398 2000
7398 4709
7399 2968
7399 7400
7400 1305
7400 1457
7401 599
7401 2341
7401 4979
7402 324
7402 4696
7403 1841
7403 7404
7403 7411
7403 7413
7403 7414
7404 7405
7404 7407
7404 7409
7405 878
7405 7406
7406 1939
7406 3119
7406 5036
7407 836
7407 3058
7407 3684
7407 7408
7408 644
7408 4818
7409 740
7409 7410
7410 606
7410 1676
7411 2992
7411 7412
7412 504
7412 5019
7413 4024
7413 4839
7414 1760
7414 2904
7415 7416
7415 7418
7415 7420
7416 902
7416 7417
7417 2849
7417 4889
7418 3240
7418 3782
7418 7419
7419 2311
7419 4472
7420 5205
7420 7421
7421 1379
7421 7422
7422 5251
7422 7423
7423 1458
7423 4307
7424 7425
7424 7452
7424 7462
7424 7468
7424 7472
7424 7474
7424 7475
7425 2010
7425 2294
7425 7426
7425 7431
7425 7441
7425 7446
7425 7448
7425 7449
7426 7427
7426 7429
7427 3713
7427 4306
7427 4338
7427 7428
7428 507
7428 5230
7429 271
7429 767
7429 930
7429 2595
7429 3292
7429 3892
7429 4628
7429 4695
7429 7430
7430 2033
7430 2957
7431 7432
7431 7434
7431 7435
7431 7436
7432 2794
7432 7433
7433 2274
7433 4597
7434 729
7434 4415
7435 93
7435 1745
7436 187
7436 1204
7436 1913
7436 7437
7437 7438
7437 7439
7438 3811
7438 4131
7439 3137
7439 7440
7440 2388
7440 4908
7441 2903
7441 7442
7442 7443
7442 7444
7443 77
7443 5185
7444 4997
7444 7445
7445 1744
7445 2537
7446 4771
7446 7447
7447 338
7447 4243
7448 1313
7448 4023
7449 7450
7449 7451
7450 2302
7450 2593
7451 520
7451 4675
7452 7453
7452 7461
7453 7454
7453 7459
7454 3027
7454 7455
7455 7456
7455 7457
7456 161
7456 3865
7457 186
7457 7458
7458 1787
7458 3736
7459 1993
7459 7460
7460 160
7460 706
7461 1276
7461 1476
7462 7463
7462 7466
7463 7464
7463 7465
7464 1231
7464 2119
7465 1757
7465 4802
7466 3528
7466 7467
7467 5206
7467 9212
7468 837
7468 7469
7468 7471
7469 5075
7469 7470
7470 2882
7470 4686
7471 1422
7471 3827
7472 2722
7472 7473
7473 4220
7473 4348
7474 3435
7474 5051
7475 2402
7475 7476
7476 4378
7476 7477
7477 5031
7477 5180
7478 3432
7478 5189
7478 7479
7478 7494
7478 7497
7478 7499
7478 7500
7479 7480
7479 7484
7479 7490
7479 7491
7479 7492
7480 3162
7480 3890
7480 7481
7480 7482
7480 7483
7481 4500
7481 4714
7482 4102
7482 4946
7483 2646
7483 2861
7484 7485
7484 7486
7485 3486
7485 5259
7486 100
7486 1219
7486 7487
7486 7489
7487 512
7487 3391
7487 4018
7487 7488
7488 4736
7488 4976
7489 1817
7489 3812
7490 1610
7490 3146
7491 421
7491 2091
7492 1589
7492 7493
7493 2011
7493 2479
7494 252
7494 1020
7494 1302
7494 3850
7494 7495
7494 7496
7495 257
7495 3874
7496 1887
7496 4380
7497 1259
7497 3642
7497 3957
7497 7498
7498 503
7498 3452
7499 222
7499 1139
7500 208
7500 241
7501 7502
7501 7517
7501 7523
7501 7527
7501 7528
7501 7532
7502 7503
7502 7516
7503 7504
7503 7511
7504 4700
7504 7505
7505 2094
7505 2798
7505 4308
7505 7506
7505 7508
7505 7510
7506 2566
7506 7507
7507 717
7507 1671
7508 5311
7508 7509
7509 3041
7509 3517
7510 1672
7510 1764
7511 7512
7511 7513
7511 7515
7512 3032
7512 3147
7513 4497
7513 7514
7514 1489
7514 2881
7515 215
7515 231
7516 814
7516 3320
7517 7518
7517 7520
7518 3205
7518 7519
7519 2944
7519 2964
7520 4062
7520 7521
7521 262
7521 4168
7521 7522
7522 1238
7522 4278
7523 7524
7523 7526
7524 1779
7524 7525
7525 1798
7525 4971
7526 3574
7526 4101
7527 2913
7527 4389
7528 4476
7528 7529
7528 7531
7529 4345
7529 7530
7530 136
7530 4423
7531 1367
7531 4359
7532 3142
7532 7533
7533 3606
7533 5135
7534 4134
7534 7535
7534 7540
7535 5110
7535 7536
7535 7539
7536 7537
7536 7538
7537 523
7537 4460
7538 708
7538 1788
7538 4071
7539 694
7539 2297
7539 3952
7539 4039
7539 5272
7540 7541
7540 7544
7541 5104
7541 7542
7542 1999
7542 7543
7543 3877
7543 3887
7544 2350
7544 7545
7545 282
7545 358
7546 7547
7546 7548
7547 2869
7547 3464
7548 2124
7548 7549
7549 73
7549 4142
7550 3973
7550 7551
7551 1527
7551 2953
7552 1081
7552 9244
7553 1617
7553 2906
7554 4577
7554 7555
7555 560
7555 1746
7556 7557
7556 7559
7557 4758
7557 7558
7558 2190
7558 5433
7559 2289
7559 4492
7560 805
7560 7561
7561 467
7561 975
7562 540
7562 3714
7563 237
7563 7564
7564 2701
7564 7565
7565 3274
7565 5439
7566 352
7566 513
7566 724
7566 1336
7566 2978
7567 7568
7567 7569
7567 7570
7568 1055
7568 3279
7569 1974
7569 3962
7570 7571
7570 7572
7571 1966
7571 4747
7572 547
7572 3412
7573 2902
7573 4275
7573 7574
7573 7854
7573 7899
7573 7902
7574 7575
7574 7849
7575 7576
7575 7634
7575 7676
7575 7696
7576 7577
7576 7624
7576 7626
7576 7627
7576 7629
7577 7578
7577 7590
7577 7609
7578 7579
7578 7581
7578 7584
7579 168
7579 326
7579 394
7579 7580
7580 1453
7580 3089
7581 486
7581 3144
7581 7582
7582 536
7582 7583
7583 2420
7583 4697
7584 178
7584 1263
7584 7585
7584 7586
7584 7588
7585 700
7585 2147
7586 3438
7586 7587
7587 220
7587 2602
7588 5023
7588 7589
7589 3469
7589 4674
7590 7591
7590 7598
7591 7592
7591 7596
7592 7593
7592 7595
7593 2143
7593 7594
7594 410
7594 3706
7595 2106
7595 2214
7596 1549
7596 7597
7597 2949
7597 3154
7598 345
7598 2041
7598 3362
7598 7599
7598 7603
7598 7605
7598 7606
7598 7607
7598 7608
7599 7600
7599 7602
7600 4051
7600 7601
7601 1995
7601 3127
7602 642
7602 3151
7603 1618
7603 7604
7604 1106
7604 1663
7605 608
7605 5296
7606 296
7606 2702
7607 258
7607 2743
7608 376
7608 2397
7609 7610
7609 7612
7610 4031
7610 7611
7611 385
7611 2443
7612 933
7612 1959
7612 2285
7612 3101
7612 3693
7612 3742
7612 5199
7612 5224
7612 7613
7612 7619
7612 7621
7612 7622
7613 3355
7613 7614
7613 7615
7613 7616
7613 7617
7614 839
7614 4618
7615 1337
7615 4945
7616 1070
7616 5122
7617 4120
7617 7618
7618 2635
7618 3241
7619 1373
7619 7620
7620 4642
7620 4932
7621 2811
7621 5109
7622 1049
7622 7623
7623 1258
7623 3156
7624 1545
7624 5129
7624 7625
7625 1594
7625 2063
7626 2006
7626 4335
7627 985
7627 7628
7628 359
7628 2667
7629 7630
7629 7631
7630 1731
7630 4773
7631 3500
7631 7632
7632 114
7632 2098
7632 2885
7632 7633
7633 3835
7633 4169
7634 7635
7634 7674
7635 7636
7635 7673
7636 7637
7636 7664
7636 7670
7637 7638
7637 7663
7638 4190
7638 7639
7638 7644
7638 7651
7638 7652
7638 7655
7638 7657
7638 7658
7639 254
7639 7640
7640 2279
7640 7641
7641 817
7641 1101
7641 5211
7641 7642
7642 2958
7642 7643
7643 4301
7643 4996
7644 7645
7644 7650
7645 3781
7645 4885
7645 7646
7645 7648
7645 7649
7646 5463
7646 7647
7647 2522
7647 4612
7648 370
7648 946
7649 855
7649 2538
7650 640
7650 5136
7651 4081
7651 5004
7652 1407
7652 2675
7652 7653
7652 7654
7653 1598
7653 1811
7654 1667
7654 5116
7655 3897
7655 7656
7656 2738
7656 4455
7657 3416
7657 4196
7658 7659
7658 7660
7659 3345
7659 4037
7660 514
7660 7661
7661 568
7661 3059
7661 7662
7662 260
7662 3354
7663 1863
7663 5308
7664 7665
7664 7668
7665 3858
7665 4458
7665 7666
7665 7667
7666 5443
7666 5499
7667 2103
7667 5501
7668 1026
7668 7669
7669 2584
7669 3936
7669 4688
7670 1840
7670 2079
7670 3009
7670 4227
7670 4266
7670 7671
7670 7672
7671 2941
7671 4163
7672 456
7672 3669
7673 3786
7673 5101
7674 5225
7674 7675
7675 202
7675 1584
7676 7677
7676 7695
7677 7678
7677 7694
7678 4442
7678 7679
7679 7680
7679 7686
7680 7681
7680 7684
7681 2326
7681 7682
7682 2956
7682 7683
7683 749
7683 1099
7684 3908
7684 7685
7685 1991
7685 3768
7686 1359
7686 2551
7686 7687
7686 7689
7686 7690
7686 7691
7686 7692
7687 3667
7687 7688
7688 1134
7688 4657
7689 1343
7689 1444
7690 1455
7690 3335
7691 3480
7691 4767
7692 2923
7692 7693
7693 343
7693 3561
7694 361
7694 3209
7695 1907
7695 5187
7696 2742
7696 7697
7696 7723
7696 7737
7696 7750
7696 7762
7696 7781
7696 7792
7696 7820
7696 7823
7696 7828
7696 7830
7696 7832
7696 7834
7696 7838
7696 7839
7696 7840
7696 7841
7696 7842
7696 7843
7696 7844
7696 7845
7696 7846
7696 7847
7696 7848
7697 704
7697 1905
7697 5257
7697 7698
7697 7703
7697 7706
7697 7708
7697 7712
7697 7713
7697 7719
7697 7720
7697 7721
7698 4136
7698 7699
7698 7702
7699 32
7699 34
7699 7700
7699 7701
7700 19
7700 23
7701 1
7701 41
7702 2197
7702 4138
7703 1331
7703 7704
7704 1439
7704 1469
7704 7705
7705 573
7705 964
7705 4187
7706 2254
7706 7707
7707 639
7707 784
7707 2316
7707 2829
7707 3889
7707 4075
7708 7709
7708 7710
7709 787
7709 4159
7710 743
7710 7711
7711 195
7711 1435
7712 1261
7712 3316
7712 3734
7713 1389
7713 7714
7713 7715
7714 142
7714 2047
7715 153
7715 2449
7715 7716
7716 276
7716 7717
7717 1254
7717 7718
7718 4494
7718 4938
7719 484
7719 638
7720 3110
7720 4030
7721 518
7721 7722
7722 2265
7722 2407
7723 7724
7723 7730
7724 4549
7724 7725
7724 7727
7724 7728
7725 921
7725 7726
7726 670
7726 5148
7727 457
7727 2833
7728 2544
7728 7729
7729 131
7729 2295
7730 7731
7730 7735
7731 7732
7731 7733
7732 384
7732 4209
7733 3351
7733 3798
7733 7734
7734 1928
7734 2822
7735 3328
7735 7736
7736 285
7736 3064
7737 582
7737 4194
7737 7738
7737 7745
7737 7748
7737 7749
7738 442
7738 1559
7738 7739
7738 7740
7738 7742
7738 7744
7739 1880
7739 2516
7739 3028
7739 3926
7739 4911
7739 5408
7740 1050
7740 2228
7740 7741
7741 703
7741 799
7741 3708
7742 5247
7742 7743
7743 2735
7743 5072
7744 17
7744 2229
7744 3654
7744 3720
7745 4622
7745 7746
7745 7747
7746 623
7746 4583
7747 2485
7747 3965
7748 741
7748 4192
7748 4470
7749 2371
7749 3766
7750 7751
7750 7755
7750 7760
7751 1053
7751 7752
7751 7754
7752 3390
7752 7753
7753 1307
7753 3590
7754 3235
7754 3392
7755 7756
7755 7759
7756 7757
7756 7758
7757 944
7757 4259
7758 446
7758 3022
7759 2611
7759 5079
7760 4185
7760 7761
7761 668
7761 2766
7762 7763
7762 7773
7763 7764
7763 7770
7764 7765
7764 7767
7764 7768
7765 3830
7765 7766
7766 822
7766 4390
7767 5374
7767 5417
7768 3174
7768 7769
7769 543
7769 2051
7770 1330
7770 7771
7771 2395
7771 4177
7771 4969
7771 7772
7772 1784
7772 3389
7773 7774
7773 7778
7774 7775
7774 7777
7775 4314
7775 7776
7776 1266
7776 3113
7777 806
7777 4935
7777 5207
7778 4117
7778 7779
7779 1914
7779 7780
7780 2366
7780 3828
7781 7782
7781 7785
7782 7783
7782 7784
7783 4172
7783 4320
7784 1542
7784 1570
7785 7786
7785 7789
7786 1386
7786 7787
7787 884
7787 7788
7788 721
7788 1766
7789 1909
7789 7790
7790 2451
7790 5018
7790 7791
7791 1786
7791 3552
7792 7793
7792 7801
7792 7804
7792 7807
7792 7813
7793 7794
7793 7799
7794 7795
7794 7797
7794 7798
7795 3103
7795 7796
7796 2673
7796 2709
7797 3721
7797 4485
7798 3364
7798 4095
7799 3043
7799 7800
7800 1197
7800 3286
7801 7802
7801 7803
7802 4409
7802 4564
7803 1900
7803 2819
7804 3002
7804 7805
7805 4718
7805 7806
7806 2026
7806 3670
7807 7808
7807 7809
7808 1867
7808 3472
7809 2803
7809 7810
7809 7811
7810 2024
7810 3791
7811 572
7811 7812
7812 922
7812 3422
7813 7814
7813 7815
7814 3052
7814 4962
7815 2441
7815 7816
7815 7817
7816 1891
7816 3384
7817 1687
7817 4730
7817 7818
7818 311
7818 7819
7819 1320
7819 3514
7820 7821
7820 7822
7821 1399
7821 2396
7822 1410
7822 2237
7823 7824
7823 7826
7824 1040
7824 7825
7825 4127
7825 5083
7826 4809
7826 7827
7827 3259
7827 3603
7828 4496
7828 7829
7829 2818
7829 2982
7830 2846
7830 7831
7831 2613
7831 4140
7832 4949
7832 7833
7833 2647
7833 4083
7834 3207
7834 7835
7835 7836
7835 7837
7836 3077
7836 3094
7837 1815
7837 2873
7838 1344
7838 1808
7839 3856
7839 5237
7840 564
7840 1653
7841 1979
7841 4596
7842 4951
7842 9156
7843 1651
7843 5048
7844 219
7844 5190
7845 3305
7845 4876
7846 788
7846 3595
7847 2031
7847 3346
7848 1954
7848 3407
7849 7850
7849 7851
7850 1228
7850 1804
7851 2384
7851 7852
7851 7853
7852 1557
7852 4223
7853 750
7853 3831
7854 7855
7854 7869
7854 7879
7854 7886
7855 7856
7855 7865
7856 1375
7856 2187
7856 7857
7857 586
7857 7858
7857 7860
7857 7862
7857 7863
7858 5325
7858 7859
7859 5394
7859 5399
7860 2282
7860 2972
7860 7861
7861 1713
7861 4382
7862 1791
7862 3488
7863 2912
7863 5080
7863 7864
7864 173
7864 2111
7865 7866
7865 7867
7866 3799
7866 4025
7867 3657
7867 7868
7868 527
7868 1206
7869 7870
7869 7875
7869 7877
7869 7878
7870 7871
7870 7872
7871 610
7871 2711
7872 7873
7872 7874
7873 562
7873 3948
7874 1775
7874 1800
7874 4620
7875 4858
7875 7876
7876 280
7876 1031
7877 75
7877 1807
7877 4679
7878 4056
7878 4655
7879 7880
7879 7882
7880 2932
7880 7881
7881 4902
7881 5076
7882 7883
7882 7884
7883 2760
7883 4280
7884 4416
7884 7885
7885 1611
7885 4443
7886 7887
7886 7891
7886 7896
7886 7897
7887 7888
7887 7890
7888 1761
7888 7889
7889 2413
7889 5270
7890 3481
7890 4216
7891 7892
7891 7894
7892 4072
7892 7893
7893 757
7893 4293
7894 2344
7894 7895
7895 695
7895 2986
7896 1614
7896 5008
7897 682
7897 7898
7898 1568
7898 2660
7899 7900
7899 7901
7900 1673
7900 4375
7901 2545
7901 4004
7902 1376
7902 2189
7902 4648
7902 7903
7902 7904
7903 43
7903 1385
7904 1442
7904 3511
7904 7905
7905 1011
7905 7906
7906 1730
7906 3020
7907 7908
7907 8001
7907 8133
7907 8153
7907 8216
7908 7909
7908 7999
7909 7910
7909 7949
7909 7990
7910 7911
7910 7929
7911 7912
7911 7925
7912 7913
7912 7917
7912 7922
7913 7914
7913 7915
7913 7916
7914 399
7914 1075
7915 2622
7915 4843
7916 1981
7916 2930
7916 3290
7916 4606
7917 1678
7917 2044
7917 7918
7917 7919
7917 7920
7918 465
7918 5212
7919 2561
7919 4146
7920 350
7920 2299
7920 7921
7921 4034
7921 4864
7922 1143
7922 4682
7922 7923
7922 7924
7923 771
7923 2151
7924 200
7924 924
7925 7926
7925 7928
7926 3218
7926 7927
7927 1057
7927 1837
7928 441
7928 4722
7929 7930
7929 7943
7929 7946
7930 7931
7930 7940
7931 7932
7931 7936
7931 7937
7932 7933
7932 7935
7933 3638
7933 7934
7934 2707
7934 2769
7935 473
7935 1484
7936 110
7936 2995
7937 2304
7937 4517
7937 4943
7937 4957
7937 7938
7938 2762
7938 7939
7939 3129
7939 3564
7940 4646
7940 7941
7941 1481
7941 7942
7942 4003
7942 4006
7943 1827
7943 4315
7943 7944
7943 7945
7944 2475
7944 2725
7945 739
7945 1249
7946 3680
7946 7947
7947 1831
7947 1983
7947 7948
7948 3231
7948 5281
7949 7950
7949 7975
7950 7951
7950 7974
7951 4340
7951 4399
7951 7952
7951 7960
7951 7966
7951 7970
7951 7971
7951 7972
7952 7953
7952 7959
7953 1792
7953 7954
7954 7955
7954 7957
7955 2216
7955 7956
7956 1836
7956 3585
7956 4511
7957 5082
7957 7958
7958 2161
7958 2553
7959 876
7959 4861
7960 7961
7960 7962
7960 7963
7961 309
7961 4571
7962 1566
7962 3261
7963 7964
7963 7965
7964 2250
7964 2969
7965 766
7965 2493
7966 2851
7966 5067
7966 7967
7966 7968
7966 7969
7967 95
7967 3296
7968 1451
7968 2674
7969 225
7969 1189
7970 3558
7970 4980
7971 2628
7971 4527
7972 3769
7972 7973
7973 1090
7973 3111
7974 2082
7974 3080
7975 7976
7975 7984
7975 7986
7976 7977
7976 7981
7976 7982
7977 7978
7977 7979
7978 1251
7978 3189
7978 4589
7979 1304
7979 7980
7980 1565
7980 3543
7981 3131
7981 4489
7982 1295
7982 1351
7982 2064
7982 2838
7982 7983
7983 2473
7983 3024
7984 1929
7984 3134
7984 3796
7984 7985
7985 2508
7985 2892
7986 7987
7986 7988
7987 776
7987 2057
7987 3021
7988 5177
7988 7989
7989 1949
7989 3275
7990 7991
7990 7997
7991 7992
7991 7995
7992 7993
7992 7994
7993 2035
7993 3645
7994 2748
7994 4766
7995 781
7995 3998
7995 7996
7996 1485
7996 4635
7997 4880
7997 7998
7998 1740
7998 4058
7999 4482
7999 8000
8000 1554
8000 3375
8001 8002
8001 8054
8001 8079
8001 8106
8001 8115
8001 8122
8001 8127
8002 8003
8002 8015
8002 8033
8003 8004
8003 8010
8004 584
8004 3005
8004 3191
8004 8005
8004 8007
8004 8008
8004 8009
8005 4468
8005 8006
8006 4231
8006 5184
8007 1694
8007 5158
8008 2578
8008 4765
8009 2065
8009 3367
8010 8011
8010 8013
8011 833
8011 3632
8011 8012
8012 121
8012 2038
8012 4371
8013 4811
8013 8014
8014 4331
8014 4659
8015 8016
8015 8028
8016 180
8016 8017
8016 8021
8016 8023
8017 4786
8017 8018
8018 8019
8018 8020
8019 353
8019 4751
8020 605
8020 3443
8021 3866
8021 8022
8022 97
8022 3909
8023 8024
8023 8025
8024 1502
8024 3072
8025 5502
8025 8026
8025 8027
8026 3728
8026 3986
8027 818
8027 3381
8028 8029
8028 8032
8029 122
8029 3031
8029 8030
8030 3018
8030 4539
8030 8031
8031 1531
8031 3270
8032 1157
8032 2689
8032 3904
8032 5013
8033 8034
8033 8045
8034 8035
8034 8043
8035 8036
8035 8042
8036 8037
8036 8038
8037 1424
8037 4609
8038 8039
8038 8041
8039 2387
8039 8040
8040 1537
8040 4585
8041 852
8041 2322
8041 2643
8041 3291
8041 4581
8042 1056
8042 5087
8043 2273
8043 3634
8043 3715
8043 8044
8044 671
8044 2685
8045 8046
8045 8048
8045 8049
8045 8050
8046 678
8046 8047
8047 628
8047 3065
8048 3597
8048 3753
8049 626
8049 716
8050 2916
8050 8051
8050 8052
8051 965
8051 5059
8052 745
8052 8053
8053 452
8053 1018
8054 8055
8054 8064
8054 8075
8055 8056
8055 8061
8056 360
8056 364
8056 600
8056 2186
8056 3787
8056 4097
8056 8057
8056 8060
8057 8058
8057 8059
8058 342
8058 4913
8059 1645
8059 2686
8060 2835
8060 4402
8061 337
8061 8062
8062 2365
8062 8063
8063 617
8063 9209
8064 8065
8064 8074
8065 8066
8065 8071
8066 8067
8066 8069
8066 8070
8067 3732
8067 8068
8068 829
8068 3538
8069 1498
8069 5025
8070 3819
8070 4032
8071 487
8071 8072
8072 406
8072 8073
8073 1875
8073 2640
8073 4300
8074 3458
8074 5392
8075 1776
8075 5144
8075 8076
8075 8078
8076 553
8076 8077
8077 433
8077 4379
8078 1717
8078 3216
8079 8080
8079 8105
8080 8081
8080 8104
8081 8082
8081 8087
8081 8091
8081 8094
8082 5324
8082 8083
8083 8084
8083 8086
8084 5331
8084 5369
8084 5382
8084 5446
8084 5464
8084 8085
8085 5365
8085 5406
8086 5315
8086 5328
8086 5425
8087 4508
8087 8088
8087 8090
8088 3656
8088 8089
8089 3526
8089 5094
8090 2088
8090 5124
8091 5342
8091 8092
8092 5380
8092 5461
8092 8093
8093 5383
8093 5454
8094 8095
8094 8097
8095 3931
8095 8096
8096 1169
8096 3707
8097 8098
8097 8099
8098 1467
8098 4832
8099 762
8099 8100
8099 8101
8099 8102
8100 1463
8100 2257
8100 2432
8101 673
8101 3833
8102 152
8102 1741
8102 8103
8103 3295
8103 5176
8104 1539
8104 3600
8105 5172
8105 9135
8106 8107
8106 8112
8106 8114
8107 8108
8107 8109
8108 528
8108 2360
8109 912
8109 3298
8109 8110
8109 8111
8110 1262
8110 3954
8111 2703
8111 3733
8112 251
8112 2222
8112 8113
8113 420
8113 4693
8113 4793
8114 3095
8114 4759
8115 8116
8115 8119
8115 8120
8116 8117
8116 8118
8117 589
8117 4963
8118 3671
8118 3810
8118 4414
8118 5010
8119 450
8119 2761
8120 2954
8120 8121
8121 1894
8121 2319
8122 8123
8122 8124
8123 4592
8123 5130
8124 8125
8124 8126
8125 1848
8125 2177
8126 3999
8126 5081
8127 2129
8127 8128
8127 8130
8127 8131
8128 5428
8128 8129
8129 872
8129 1953
8130 637
8130 3465
8131 2688
8131 8132
8132 401
8132 3820
8133 8134
8133 8150
8134 3637
8134 8135
8135 8136
8135 8144
8136 8137
8136 8143
8137 1062
8137 5284
8137 8138
8137 8140
8137 8141
8137 8142
8138 2288
8138 8139
8139 3516
8139 4506
8140 650
8140 4582
8141 692
8141 4406
8142 627
8142 1339
8143 3096
8143 3197
8144 8145
8144 8148
8145 2142
8145 2461
8145 4176
8145 5039
8145 8146
8145 8147
8146 1142
8146 3686
8147 710
8147 1580
8148 2046
8148 8149
8149 1246
8149 2737
8150 8151
8150 8152
8151 2612
8151 4016
8152 1232
8152 2115
8153 8154
8153 8183
8153 8197
8153 8201
8153 8204
8153 8208
8153 8210
8153 8211
8153 8212
8154 8155
8154 8160
8154 8174
8155 8156
8155 8157
8156 4065
8156 4238
8156 4289
8156 4538
8157 8158
8157 8159
8158 4060
8158 4376
8159 1063
8159 5074
8160 8161
8160 8163
8161 4469
8161 8162
8162 393
8162 2270
8163 8164
8163 8172
8164 8165
8164 8170
8165 8166
8165 8167
8166 390
8166 2787
8167 79
8167 8168
8167 8169
8168 3940
8168 4563
8169 1333
8169 2579
8169 5169
8170 4429
8170 8171
8171 347
8171 955
8171 5107
8172 1996
8172 8173
8173 1452
8173 4641
8174 8175
8174 8176
8175 1844
8175 4123
8175 4135
8176 8177
8176 8180
8177 8178
8177 8179
8178 3318
8178 3640
8179 937
8179 2857
8180 1555
8180 8181
8181 3784
8181 8182
8182 2068
8182 4989
8183 8184
8183 8189
8184 8185
8184 8187
8185 4576
8185 8186
8186 1821
8186 4433
8187 4279
8187 4634
8187 8188
8188 1021
8188 4446
8189 8190
8189 8195
8190 8191
8190 8194
8191 3413
8191 8192
8192 4444
8192 8193
8193 81
8193 295
8194 1550
8194 3252
8195 2627
8195 8196
8196 3057
8196 3368
8197 8198
8197 8199
8198 5396
8198 5422
8199 3169
8199 8200
8200 3036
8200 3176
8200 4233
8200 4547
8201 2482
8201 8202
8202 3230
8202 8203
8203 422
8203 5354
8204 881
8204 8205
8205 571
8205 8206
8206 4166
8206 8207
8207 2481
8207 4532
8208 3834
8208 8209
8209 4205
8209 4355
8210 3396
8210 4555
8211 1590
8211 4087
8212 386
8212 8213
8213 1306
8213 2480
8213 3199
8213 4546
8213 4727
8213 8214
8213 8215
8214 1403
8214 2546
8215 1524
8215 1536
8215 3849
8216 8217
8216 8241
8216 8245
8217 8218
8217 8238
8218 8219
8218 8226
8218 8232
8219 2645
8219 8220
8220 8221
8220 8224
8221 1634
8221 8222
8222 5307
8222 8223
8223 2697
8223 4334
8223 4907
8224 1358
8224 8225
8225 1986
8225 9250
8226 8227
8226 8229
8227 8
8227 8228
8228 9
8228 22
8229 4785
8229 8230
8230 1325
8230 8231
8231 1564
8231 3084
8232 8233
8232 8234
8232 8235
8233 1203
8233 5194
8234 699
8234 1412
8235 2823
8235 4865
8235 8236
8236 1368
8236 3143
8236 8237
8237 625
8237 1493
8238 8239
8238 8240
8239 50
8239 62
8240 1054
8240 2280
8241 8242
8241 8244
8242 3172
8242 8243
8243 1303
8243 2235
8244 4271
8244 5460
8245 8246
8245 8247
8245 8248
8246 966
8246 4977
8247 1052
8247 3735
8248 899
8248 4676
8248 8249
8248 8250
8249 1922
8249 4673
8250 3360
8250 4878
8251 1698
8251 3604
8251 5210
8251 8252
8251 8375
8251 8425
8251 8525
8251 8536
8251 8543
8251 8549
8251 8552
8252 8253
8252 8306
8253 8254
8253 8267
8254 8255
8254 8264
8255 8256
8255 8257
8255 8258
8255 8259
8255 8260
8255 8262
8256 5338
8256 5477
8257 5335
8257 5421
8257 5462
8258 5351
8258 5469
8259 5352
8259 5452
8260 5402
8260 8261
8261 5318
8261 5435
8262 5336
8262 5373
8262 5391
8262 5414
8262 8263
8263 5322
8263 5370
8264 3960
8264 8265
8265 2165
8265 8266
8266 5468
8266 5481
8267 3442
8267 8268
8267 8299
8267 8303
8267 8304
8268 5340
8268 8269
8268 8275
8268 8282
8268 8286
8268 8287
8268 8289
8268 8290
8268 8292
8268 8293
8268 8294
8268 8295
8268 8296
8269 8270
8269 8274
8270 3297
8270 4607
8270 8271
8270 8272
8271 375
8271 544
8271 1114
8272 1430
8272 8273
8273 2358
8273 2377
8274 898
8274 4385
8275 8276
8275 8279
8275 8281
8276 574
8276 4401
8276 8277
8277 57
8277 8278
8278 44
8278 51
8279 4721
8279 8280
8280 1149
8280 1350
8281 576
8281 3679
8282 2219
8282 8283
8282 8285
8283 3663
8283 8284
8284 11
8284 36
8285 5164
8285 9150
8286 314
8286 961
8286 3220
8286 3709
8287 2708
8287 8288
8288 5341
8288 5419
8289 485
8289 4671
8290 594
8290 8291
8291 2238
8291 4091
8292 170
8292 2334
8293 60
8293 1233
8294 5337
8294 5471
8295 4150
8295 4918
8296 2843
8296 5178
8296 8297
8296 8298
8297 1576
8297 5438
8298 4800
8298 5479
8299 8300
8299 8301
8300 290
8300 1381
8300 2317
8301 224
8301 8302
8302 1340
8302 4645
8303 3155
8303 3817
8304 1167
8304 8305
8305 277
8305 1591
8306 8307
8306 8361
8307 8308
8307 8344
8307 8359
8308 8309
8308 8313
8308 8328
8308 8331
8309 3414
8309 8310
8310 5372
8310 5377
8310 5389
8310 5409
8310 5445
8310 8311
8310 8312
8311 5355
8311 5413
8311 5466
8312 5319
8312 5431
8313 8314
8313 8317
8314 8315
8314 8316
8315 2347
8315 5232
8316 1471
8316 2683
8317 8318
8317 8321
8317 8322
8317 8323
8318 8319
8318 8320
8319 1248
8319 2977
8320 1543
8320 2695
8320 4282
8320 5293
8321 238
8321 4175
8321 5208
8322 1992
8322 4937
8323 8324
8323 8325
8324 2638
8324 5329
8325 8326
8325 8327
8326 1503
8326 5226
8327 1186
8327 1363
8328 5416
8328 8329
8328 8330
8329 1752
8329 4493
8330 2160
8330 3740
8331 8332
8331 8335
8331 8336
8331 8337
8331 8339
8331 8341
8332 8333
8332 8334
8333 5334
8333 5367
8334 7
8334 5323
8335 3795
8335 4775
8335 5229
8336 444
8336 4536
8337 2908
8337 8338
8338 727
8338 2363
8339 3910
8339 8340
8340 753
8340 3300
8341 8342
8341 8343
8342 772
8342 5489
8343 4
8343 1151
8343 1732
8344 8345
8344 8356
8345 8346
8345 8355
8346 8347
8346 8349
8346 8351
8346 8354
8347 4929
8347 8348
8348 900
8348 3601
8349 4411
8349 8350
8350 3613
8350 3674
8351 2855
8351 8352
8352 2393
8352 8353
8353 1885
8353 2503
8354 3646
8354 4078
8355 1971
8355 3757
8356 1511
8356 8357
8357 1464
8357 8358
8358 1290
8358 4010
8359 1027
8359 8360
8360 1629
8360 2670
8361 8362
8361 8366
8361 8368
8362 8363
8362 8365
8363 2296
8363 8364
8364 1371
8364 2896
8365 458
8365 1973
8366 124
8366 3376
8366 8367
8367 697
8367 4833
8367 5062
8368 8369
8368 8371
8368 8372
8369 5386
8369 8370
8370 1501
8370 4639
8371 866
8371 1525
8372 1405
8372 1474
8372 8373
8373 4066
8373 8374
8374 1621
8374 2286
8375 8376
8375 8414
8376 1296
8376 8377
8377 8378
8377 8381
8377 8404
8378 2418
8378 3437
8378 8379
8379 782
8379 983
8379 1631
8379 4070
8379 4304
8379 4574
8379 8380
8380 2623
8380 3881
8381 194
8381 8382
8381 8386
8381 8392
8381 8393
8381 8396
8381 8397
8381 8398
8381 8399
8382 2975
8382 8383
8383 365
8383 4104
8383 8384
8383 8385
8384 1622
8384 1749
8384 4430
8385 904
8385 4668
8385 5304
8386 1903
8386 8387
8387 8388
8387 8389
8387 8390
8387 8391
8388 2929
8388 3644
8389 1229
8389 1690
8390 2792
8390 5498
8391 1504
8391 3397
8392 494
8392 1294
8392 1468
8392 4160
8393 3582
8393 8394
8393 8395
8394 179
8394 1460
8395 1218
8395 3621
8396 3386
8396 5457
8397 951
8397 3051
8398 3330
8398 3648
8399 8400
8399 8401
8399 8402
8399 8403
8400 2204
8400 4332
8401 3843
8401 4616
8402 2178
8402 3746
8403 2369
8403 2698
8403 3373
8403 4626
8404 8405
8404 8409
8405 64
8405 8406
8406 8407
8406 8408
8407 404
8407 4954
8408 1649
8408 1686
8409 8410
8409 8413
8410 8411
8410 8412
8411 4254
8411 4595
8412 146
8412 4364
8413 713
8413 1341
8414 8415
8414 8424
8415 8416
8415 8421
8416 1181
8416 8417
8416 8419
8417 2073
8417 8418
8418 2699
8418 4225
8419 5201
8419 8420
8420 2946
8420 3070
8421 489
8421 8422
8422 603
8422 3513
8422 8423
8423 3040
8423 3112
8423 5182
8424 1541
8424 3701
8425 8426
8425 8452
8425 8467
8425 8483
8425 8493
8425 8499
8425 8504
8425 8508
8425 8512
8425 8515
8425 8517
8425 8519
8426 8427
8426 8449
8427 8428
8427 8431
8427 8436
8427 8438
8427 8443
8428 1632
8428 8429
8428 8430
8429 2172
8429 3785
8430 16
8430 4640
8431 681
8431 2354
8431 3972
8431 8432
8431 8433
8431 8434
8431 8435
8432 1391
8432 4113
8433 2890
8433 3837
8434 191
8434 3359
8435 1668
8435 2945
8436 1465
8436 8437
8437 495
8437 4147
8438 1265
8438 8439
8439 33
8439 56
8439 1870
8439 3770
8439 4149
8439 5100
8439 8440
8439 8441
8440 5371
8440 5491
8441 5424
8441 8442
8442 3178
8442 5490
8443 8444
8443 8445
8443 8447
8444 565
8444 4570
8445 3902
8445 8446
8446 4370
8446 4528
8447 2416
8447 8448
8448 709
8448 3653
8449 5249
8449 8450
8450 1927
8450 8451
8451 2990
8451 3992
8452 8453
8452 8464
8453 8454
8453 8457
8453 8459
8453 8462
8454 26
8454 1210
8454 3474
8454 3572
8454 4850
8454 8455
8454 8456
8455 2744
8455 3341
8456 3567
8456 5280
8457 45
8457 8458
8458 31
8458 439
8459 8460
8459 8461
8460 809
8460 3038
8461 1873
8461 3882
8462 755
8462 2971
8462 4729
8462 8463
8463 2343
8463 4119
8464 4813
8464 8465
8465 2049
8465 8466
8466 48
8466 58
8466 59
8467 8468
8467 8481
8468 8469
8468 8475
8468 8478
8469 8470
8469 8474
8470 3358
8470 8471
8471 4319
8471 8472
8472 4805
8472 8473
8473 204
8473 826
8474 1411
8474 4386
8475 4981
8475 8476
8476 910
8476 8477
8477 351
8477 2948
8477 3829
8478 1579
8478 2141
8478 2587
8478 5209
8478 8479
8478 8480
8479 479
8479 2076
8480 137
8480 3253
8481 3616
8481 8482
8482 2099
8482 4978
8483 454
8483 8484
8484 2401
8484 2776
8484 3794
8484 8485
8484 8487
8484 8488
8484 8489
8484 8490
8485 986
8485 8486
8486 2327
8486 4349
8487 1868
8487 3930
8488 1298
8488 4670
8489 341
8489 4837
8490 3955
8490 8491
8490 8492
8491 2386
8491 4939
8492 920
8492 3809
8493 2749
8493 8494
8494 4373
8494 8495
8494 8498
8495 8496
8495 8497
8496 4799
8496 5126
8497 621
8497 1395
8498 109
8498 4893
8499 8500
8499 8502
8500 2005
8500 4002
8500 8501
8501 3617
8501 4515
8501 4698
8502 5401
8502 8503
8503 99
8503 915
8504 3268
8504 8505
8504 8507
8505 2415
8505 8506
8506 1069
8506 5098
8507 2933
8507 4245
8508 2368
8508 8509
8508 8510
8508 8511
8509 27
8509 971
8509 1950
8510 3081
8510 9119
8511 3194
8511 5306
8512 508
8512 8513
8512 8514
8513 828
8513 847
8514 1213
8514 2191
8515 310
8515 1535
8515 8516
8516 1216
8516 1275
8517 134
8517 8518
8518 796
8518 4316
8519 8520
8519 8522
8520 2806
8520 8521
8521 453
8521 4660
8522 3994
8522 8523
8522 8524
8523 2433
8523 3026
8524 730
8524 3352
8525 3301
8525 8526
8526 2994
8526 8527
8527 2518
8527 3047
8527 4007
8527 8528
8527 8532
8527 8533
8527 8534
8527 8535
8528 416
8528 1985
8528 4167
8528 8529
8528 8530
8528 8531
8529 155
8529 4082
8530 1184
8530 1646
8530 5344
8531 129
8531 1073
8532 2939
8532 9203
8533 801
8533 3760
8534 431
8534 3492
8535 790
8535 2149
8535 4139
8536 8537
8536 8540
8537 3104
8537 8538
8538 556
8538 1247
8538 2662
8538 3738
8538 8539
8539 3818
8539 4008
8540 674
8540 1661
8540 8541
8540 8542
8541 2394
8541 4478
8542 940
8542 4126
8543 8544
8543 8546
8544 859
8544 8545
8545 1436
8545 4867
8546 4733
8546 8547
8547 5330
8547 8548
8548 1679
8548 3980
8549 8550
8549 8551
8550 679
8550 5121
8551 1696
8551 4116
8552 4491
8552 8553
8553 3803
8553 5061
8554 8555
8554 8693
8554 8739
8554 8741
8555 8556
8555 8665
8555 8690
8556 8557
8556 8591
8556 8645
8557 8558
8557 8570
8557 8575
8557 8581
8558 8559
8558 8563
8559 303
8559 8560
8560 1943
8560 4256
8560 4391
8560 8561
8560 8562
8561 331
8561 459
8561 2201
8561 2507
8562 3498
8562 5290
8563 8564
8563 8568
8564 1234
8564 2176
8564 2542
8564 2827
8564 3136
8564 4329
8564 4514
8564 5084
8564 8565
8564 8566
8564 8567
8565 117
8565 2426
8566 4368
8566 4551
8567 2162
8567 2878
8568 284
8568 2087
8568 8569
8569 609
8569 5163
8570 953
8570 2841
8570 3079
8570 5015
8570 8571
8570 8573
8570 8574
8571 3741
8571 8572
8572 914
8572 2815
8573 635
8573 1060
8573 1665
8574 1321
8574 1958
8575 8576
8575 8578
8575 8579
8575 8580
8576 1417
8576 3504
8576 8577
8577 1488
8577 1505
8577 2583
8578 2529
8578 4112
8579 464
8579 3673
8580 1976
8580 2447
8580 2642
8581 8582
8581 8583
8581 8584
8581 8585
8582 371
8582 403
8582 2633
8583 2450
8583 2582
8584 281
8584 2332
8585 8586
8585 8587
8585 8588
8586 78
8586 3447
8586 3893
8587 1812
8587 3776
8588 8589
8588 8590
8589 645
8589 2379
8590 1107
8590 5219
8591 8592
8591 8618
8591 8637
8592 3245
8592 8593
8593 8594
8593 8604
8594 8595
8594 8598
8594 8601
8595 8596
8595 8597
8596 566
8596 3547
8596 5233
8597 1119
8597 1423
8598 5246
8598 8599
8599 4533
8599 8600
8600 996
8600 2169
8600 4985
8601 896
8601 1861
8601 4523
8601 8602
8601 8603
8602 3455
8602 4408
8603 1567
8603 2330
8604 3166
8604 8605
8604 8617
8605 8606
8605 8615
8606 8607
8606 8609
8606 8611
8607 1003
8607 4262
8607 8608
8608 184
8608 2210
8609 1960
8609 8610
8610 2245
8610 5188
8611 8612
8611 8614
8612 1387
8612 8613
8613 631
8613 5054
8614 1195
8614 4685
8615 2471
8615 8616
8616 412
8616 1153
8617 1487
8617 1738
8618 1970
8618 8619
8619 8620
8619 8628
8620 8621
8620 8624
8620 8627
8621 3293
8621 8622
8622 2644
8622 8623
8623 3761
8623 4968
8624 5192
8624 8625
8624 8626
8625 779
8625 4264
8626 2380
8626 3976
8627 1972
8627 4109
8628 8629
8628 8633
8629 4310
8629 4317
8629 8630
8630 2128
8630 8631
8630 8632
8631 1780
8631 2140
8632 848
8632 1944
8633 765
8633 936
8633 8634
8633 8635
8634 127
8634 1881
8634 2789
8634 3804
8635 1317
8635 8636
8636 80
8636 1292
8637 8638
8637 8640
8638 123
8638 8639
8639 1037
8639 4232
8639 4502
8640 8641
8640 8643
8641 3365
8641 8642
8642 2406
8642 4854
8643 5285
8643 8644
8644 2927
8644 4991
8645 8646
8645 8648
8645 8652
8645 8656
8645 8659
8645 8660
8645 8662
8646 1449
8646 3423
8646 3987
8646 4594
8646 8647
8647 2666
8647 5149
8648 8649
8648 8651
8649 5085
8649 8650
8650 2069
8650 2729
8650 3898
8651 3752
8651 4909
8652 8653
8652 8654
8653 3544
8653 3966
8653 5000
8654 2122
8654 2374
8654 8655
8655 85
8655 4504
8656 4174
8656 8657
8657 1916
8657 8658
8658 970
8658 3237
8659 923
8659 1692
8660 362
8660 1669
8660 2284
8660 3217
8660 4735
8660 8661
8661 2523
8661 4291
8662 4777
8662 8663
8663 660
8663 1824
8663 2569
8663 3579
8663 8664
8664 499
8664 5002
8665 8666
8665 8669
8665 8676
8665 8679
8665 8684
8665 8686
8666 68
8666 4808
8666 4984
8666 4995
8666 8667
8666 8668
8667 218
8667 448
8667 4986
8668 3649
8668 3712
8668 4763
8669 8670
8669 8675
8670 8671
8670 8672
8671 1311
8671 2991
8672 3063
8672 8673
8673 1224
8673 8674
8674 537
8674 3702
8675 243
8675 1285
8676 8677
8676 8678
8677 1782
8677 3727
8678 3225
8678 5238
8679 8680
8679 8682
8680 5245
8680 8681
8681 932
8681 3780
8682 567
8682 8683
8683 1312
8683 2700
8683 3453
8683 4562
8684 2631
8684 8685
8685 3602
8685 3816
8686 4328
8686 8687
8686 8688
8687 327
8687 2736
8688 3876
8688 8689
8689 2036
8689 4934
8690 2298
8690 8691
8691 4830
8691 8692
8692 4247
8692 4815
8693 8694
8693 8713
8693 8737
8694 8695
8694 8712
8695 8696
8695 8707
8696 1048
8696 1102
8696 4239
8696 4819
8696 8697
8696 8700
8696 8701
8696 8702
8696 8704
8696 8706
8697 3233
8697 8698
8698 2030
8698 2372
8698 8699
8699 279
8699 4464
8700 3434
8700 4936
8701 607
8701 5273
8702 2988
8702 8703
8703 1076
8703 3802
8704 2727
8704 8705
8705 147
8705 3873
8706 4783
8706 5127
8707 4768
8707 8708
8708 8709
8708 8711
8709 5012
8709 8710
8710 1897
8710 4297
8711 1293
8711 5253
8712 841
8712 1544
8713 8714
8713 8719
8713 8730
8714 1093
8714 4365
8714 8715
8714 8718
8715 4608
8715 8716
8715 8717
8716 1835
8716 4432
8717 1969
8717 3073
8718 4336
8718 5286
8719 8720
8719 8725
8720 8721
8720 8722
8720 8723
8721 856
8721 3624
8722 2865
8722 5183
8723 3109
8723 4248
8723 4561
8723 5196
8723 8724
8724 259
8724 4872
8725 4219
8725 8726
8726 3378
8726 8727
8727 598
8727 2081
8727 8728
8728 3251
8728 8729
8729 1606
8729 1689
8730 8731
8730 8734
8731 8732
8731 8733
8732 3863
8732 4960
8733 1372
8733 1911
8733 5298
8734 8735
8734 8736
8735 4154
8735 5092
8736 133
8736 474
8737 2558
8737 8738
8738 2840
8738 4299
8739 5157
8739 8740
8740 1188
8740 3037
8741 8742
8741 8743
8742 4558
8742 5014
8743 1581
8743 8744
8744 3248
8744 3982
8745 8746
8745 8848
8745 8865
8745 8869
8745 8871
8745 8873
8745 8876
8746 8747
8746 8771
8746 8791
8747 8748
8747 8770
8748 8749
8748 8755
8748 8758
8748 8762
8748 8766
8749 532
8749 2462
8749 3428
8749 3855
8749 5071
8749 8750
8749 8752
8749 8754
8750 72
8750 8751
8751 1547
8751 2600
8752 4011
8752 8753
8753 233
8753 4100
8754 2888
8754 3283
8755 1211
8755 8756
8755 8757
8756 1448
8756 1721
8756 2800
8756 3135
8756 4896
8757 94
8757 3479
8758 8759
8758 8761
8759 4602
8759 8760
8760 1123
8760 4643
8760 4888
8761 217
8761 972
8762 8763
8762 8764
8763 3260
8763 4302
8764 1575
8764 8765
8765 1896
8765 2444
8766 1982
8766 8767
8766 8768
8767 830
8767 2581
8768 210
8768 8769
8769 2962
8769 5195
8770 159
8770 3499
8771 8772
8771 8790
8772 8773
8772 8788
8773 8774
8773 8777
8774 2899
8774 8775
8774 8776
8775 612
8775 3974
8776 758
8776 3303
8777 8778
8777 8780
8778 4540
8778 8779
8779 2616
8779 4153
8780 857
8780 1636
8780 1762
8780 2439
8780 8781
8780 8782
8780 8783
8780 8784
8781 2255
8781 2860
8782 1308
8782 5216
8783 402
8783 1461
8784 8785
8784 8787
8784 9232
8785 1255
8785 8786
8786 2182
8786 4745
8787 2795
8787 3204
8788 2499
8788 8789
8789 3310
8789 4211
8790 4505
8790 5003
8791 8792
8791 8799
8791 8819
8792 8793
8792 8797
8793 2
8793 3
8793 6
8793 12
8793 15
8793 25
8793 28
8793 35
8793 8794
8793 8796
8793 9113
8793 9267
8794 13
8794 18
8794 21
8794 24
8794 8795
8795 0
8795 42
8796 14
8796 37
8797 38
8797 8798
8798 10
8798 20
8798 29
8799 8800
8799 8807
8800 8801
8800 8802
8800 8803
8801 372
8801 789
8801 3161
8802 1428
8802 5055
8803 267
8803 8804
8803 8805
8804 1212
8804 4899
8805 4089
8805 8806
8806 1674
8806 2045
8807 676
8807 8808
8807 8813
8807 8815
8807 8816
8808 8809
8808 8812
8809 249
8809 3163
8809 5086
8809 8810
8809 8811
8810 130
8810 3454
8811 3232
8811 3777
8812 1136
8812 4360
8813 4240
8813 8814
8814 2121
8814 4705
8815 1036
8815 3117
8816 517
8816 2563
8816 3066
8816 8817
8817 4637
8817 8818
8818 3525
8818 3872
8819 8820
8819 8827
8819 8830
8820 8821
8820 8824
8821 8822
8821 8823
8822 795
8822 3121
8823 2594
8823 4912
8824 1522
8824 8825
8825 1146
8825 8826
8826 967
8826 3273
8827 3471
8827 8828
8828 1754
8828 8829
8829 1941
8829 4933
8829 5248
8830 8831
8830 8837
8830 8839
8831 8832
8831 8834
8831 8836
8832 1028
8832 3451
8832 8833
8833 802
8833 1884
8834 8835
8834 9221
8835 67
8835 1245
8836 683
8836 2911
8837 5453
8837 8838
8838 1415
8838 1585
8839 591
8839 868
8839 8840
8839 8841
8839 8843
8839 8844
8839 8845
8839 8846
8840 216
8840 3614
8841 3589
8841 8842
8842 1560
8842 2136
8843 979
8843 2130
8844 3193
8844 3864
8845 661
8845 4068
8846 1438
8846 3082
8846 3739
8846 8847
8847 89
8847 3195
8848 8849
8848 8863
8849 2353
8849 8850
8849 9176
8850 8851
8850 8857
8851 322
8851 2533
8851 3332
8851 8852
8851 8854
8851 8856
8852 2557
8852 2921
8852 3054
8852 8853
8853 1865
8853 5044
8854 808
8854 865
8854 1820
8854 8855
8855 4394
8855 4742
8856 1084
8856 2540
8857 2074
8857 2682
8857 3566
8857 3650
8857 4043
8857 4237
8857 5137
8857 8858
8857 8859
8857 8860
8857 8861
8858 4434
8858 4838
8859 654
8859 1209
8860 545
8860 1510
8860 3100
8860 4970
8861 5021
8861 8862
8862 3545
8862 4856
8863 3576
8863 8864
8864 1023
8864 5263
8865 8866
8865 8867
8866 54
8866 2740
8867 715
8867 958
8867 8868
8868 1930
8868 4105
8869 3403
8869 8870
8870 1096
8870 2901
8871 118
8871 8872
8872 3677
8872 5047
8873 1061
8873 8874
8874 139
8874 8875
8875 3899
8875 4681
8876 8877
8876 8879
8877 5191
8877 8878
8878 1271
8878 4741
8879 2324
8879 2649
8879 8880
8880 2607
8880 4956
8880 8881
8881 3255
8881 3490
8882 8883
8882 8919
8883 8884
8883 8908
8884 8885
8884 8904
8885 3587
8885 8886
8885 8896
8885 8899
8885 8901
8886 8887
8886 8889
8886 8890
8887 3184
8887 8888
8888 3406
8888 4803
8889 737
8889 3515
8890 3186
8890 8891
8891 8892
8891 8893
8892 2225
8892 4631
8893 1650
8893 8894
8894 149
8894 8895
8895 792
8895 4471
8896 383
8896 414
8896 8897
8897 1722
8897 8898
8898 1920
8898 5049
8899 1282
8899 3524
8899 8900
8900 3210
8900 3221
8900 3688
8901 3145
8901 4457
8901 8902
8902 2154
8902 5131
8902 8903
8903 304
8903 5114
8904 8905
8904 8907
8905 1781
8905 8906
8906 1237
8906 2871
8907 1933
8907 3177
8908 8909
8908 8918
8909 8910
8909 8913
8910 4524
8910 8911
8911 2510
8911 8912
8912 4050
8912 4236
8913 8914
8913 8916
8914 476
8914 1588
8914 4566
8914 8915
8915 510
8915 2184
8916 1065
8916 8917
8917 1440
8917 2100
8918 3647
8918 4487
8919 8920
8919 8921
8920 1291
8920 1728
8920 1845
8921 2469
8921 8922
8922 4405
8922 4836
8923 8924
8923 8945
8923 8951
8923 8953
8923 8961
8923 8972
8924 8925
8924 8938
8925 8926
8925 8929
8926 2963
8926 3568
8926 8927
8926 8928
8927 1822
8927 2565
8928 3288
8928 4130
8929 8930
8929 8932
8929 8935
8930 2072
8930 2232
8930 8931
8931 1220
8931 4632
8932 462
8932 8933
8933 298
8933 8934
8934 463
8934 1278
8935 4522
8935 8936
8936 1185
8936 8937
8937 1810
8937 2037
8938 4557
8938 8939
8939 8940
8939 8943
8940 8941
8940 8942
8941 1495
8941 5156
8942 1083
8942 4900
8943 5364
8943 8944
8944 581
8944 4715
8945 8946
8945 8948
8946 541
8946 1357
8946 4573
8946 8947
8947 1097
8947 5112
8948 860
8948 8949
8948 8950
8949 3557
8949 3730
8950 3256
8950 4521
8951 477
8951 3487
8951 4369
8951 4762
8951 8952
8952 976
8952 4619
8953 3315
8953 8954
8954 917
8954 8955
8954 8957
8955 1450
8955 8956
8956 5366
8956 5388
8957 633
8957 8958
8957 8960
8958 4796
8958 8959
8959 720
8959 993
8960 945
8960 4559
8961 8962
8961 8964
8962 3773
8962 8963
8963 2293
8963 2315
8964 8965
8964 8968
8964 8971
8965 3592
8965 8966
8966 4292
8966 8967
8967 502
8967 3034
8968 3025
8968 8969
8969 4828
8969 8970
8970 4090
8970 5455
8971 800
8971 4407
8972 8973
8972 8976
8973 4309
8973 8974
8974 2135
8974 8975
8975 2887
8975 3664
8976 8977
8976 8979
8977 3946
8977 8978
8978 2532
8978 4798
8979 3778
8979 8980
8980 2002
8980 5400
8981 8982
8981 8992
8982 8983
8982 8991
8983 8984
8983 8989
8984 8985
8984 8987
8984 8988
8985 169
8985 1161
8985 3198
8985 8986
8986 3323
8986 3683
8986 4361
8987 1366
8987 2730
8988 151
8988 181
8988 2305
8988 4118
8989 992
8989 1433
8989 8990
8990 4298
8990 4480
8991 3267
8991 3482
8992 4384
8992 4666
8992 8993
8993 977
8993 1370
8994 8995
8994 9001
8994 9002
8994 9003
8995 4226
8995 8996
8995 8997
8996 3404
8996 3676
8997 2496
8997 3573
8997 3754
8997 5288
8997 8998
8998 1492
8998 8999
8999 1518
8999 9000
9000 1709
9000 3716
9001 1755
9001 5203
9002 2491
9002 5447
9003 4975
9003 9004
9003 9005
9004 988
9004 4186
9005 2894
9005 9006
9006 1187
9006 3577
9007 212
9007 9008
9007 9015
9007 9021
9007 9023
9007 9024
9007 9025
9008 4422
9008 9009
9008 9014
9009 2385
9009 9010
9009 9011
9010 2034
9010 5271
9011 2928
9011 9012
9012 1682
9012 1729
9012 9013
9013 2668
9013 4054
9014 177
9014 1318
9014 4157
9015 9016
9015 9018
9015 9019
9016 2831
9016 9017
9017 1315
9017 3489
9018 3599
9018 4450
9019 4258
9019 9020
9020 2580
9020 4381
9021 596
9021 9022
9022 1289
9022 5292
9023 3285
9023 4250
9024 4323
9024 5060
9025 712
9025 718
9026 9027
9026 9035
9026 9045
9027 9028
9027 9031
9028 9029
9028 9030
9029 1260
9029 9116
9030 555
9030 2188
9030 2734
9030 5073
9031 3755
9031 9032
9032 392
9032 9033
9033 5022
9033 9034
9034 1699
9034 2687
9035 9036
9035 9037
9035 9038
9035 9040
9035 9256
9036 321
9036 2430
9036 4200
9037 3092
9037 3257
9037 4463
9038 4473
9038 9039
9039 2592
9039 4503
9040 9041
9040 9042
9040 9043
9041 2014
9041 4284
9042 672
9042 4412
9043 1404
9043 9044
9044 1041
9044 3535
9045 9046
9045 9049
9046 9047
9046 9048
9047 377
9047 9238
9048 913
9048 1956
9049 9050
9049 9051
9050 3071
9050 5064
9051 653
9051 1571
9052 9053
9052 9058
9053 2167
9053 9054
9054 1814
9054 9055
9055 2905
9055 9056
9055 9057
9056 651
9056 2951
9056 4393
9057 1252
9057 2704
9058 3157
9058 5283
9059 9060
9059 9063
9060 9061
9060 9062
9061 1121
9061 1685
9061 5096
9062 1200
9062 3762
9063 1328
9063 9064
9063 9065
9063 9066
9064 1793
9064 3619
9065 956
9065 2252
9066 2283
9066 2774
9067 9068
9067 9070
9067 9072
9068 4667
9068 9069
9069 438
9069 539
9070 2828
9070 9071
9071 2102
9071 5254
9072 478
9072 9073
9073 1718
9073 3578
9074 382
9074 9075
9075 2093
9075 9076
9076 3277
9076 5123
9077 2131
9077 9078
9078 346
9078 1623
9079 3534
9079 4351
9079 9080
9080 1072
9080 2183
9081 959
9081 1630
9081 9082
9081 9084
9081 9087
9082 1243
9082 9083
9083 861
9083 1390
9083 4537
9084 207
9084 9085
9084 9086
9085 1742
9085 3551
9086 4417
9086 5231
9087 3546
9087 9088
9088 810
9088 4013
9089 5269
9089 9090
9090 5493
9090 5494
9091 2313
9091 3258
9091 3371
9091 9092
9092 1215
9092 5268
9093 9094
9093 9095
9094 2055
9094 2435
9095 3699
9095 4290
9095 9096
9096 3554
9096 4356
9097 875
9097 1829
9097 9098
9098 1198
9098 2429
9099 9100
9099 9104
9100 9101
9100 9102
9101 1552
9101 3475
9102 2603
9102 9103
9103 1601
9103 3854
9104 2943
9104 3227
9105 2373
9105 4029
9106 2981
9106 4132
9107 4615
9107 5016
9108 4410
9108 9109
9109 2713
9109 2814
9110 4699
9110 9111
9111 2524
9111 9112
9112 3106
9112 3140
9113 9114
9113 9115
9116 9117
9116 9118
9119 9120
9119 9121
9122 9123
9122 9124
9125 9126
9125 9127
9125 9128
9129 9130
9129 9131
9132 9133
9132 9134
9135 9136
9135 9137
9138 9139
9138 9140
9141 9142
9141 9143
9144 9145
9144 9146
9147 9148
9147 9149
9150 9151
9150 9152
9153 9154
9153 9155
9156 9157
9156 9158
9159 9160
9159 9161
9162 9163
9162 9164
9167 9168
9167 9169
9170 9171
9170 9172
9173 9174
9173 9175
9176 9177
9176 9178
9179 9180
9179 9181
9184 9185
9184 9186
9187 9188
9187 9189
9190 9191
9190 9192
9195 9196
9195 9197
9198 9199
9198 9200
9203 9204
9203 9205
9206 9207
9206 9208
9209 9210
9209 9211
9212 9213
9212 9214
9215 9216
9215 9217
9218 9219
9218 9220
9221 9222
9221 9223
9224 9225
9224 9226
9229 9230
9229 9231
9232 9233
9232 9234
9235 9236
9235 9237
9238 9239
9238 9240
9241 9242
9241 9243
9244 9245
9244 9246
9247 9248
9247 9249
9250 9251
9250 9252
9253 9254
9253 9255
9256 9257
9256 9258
9259 9260
9259 9261
9264 9265
9264 9266
9267 9268
9267 9269
9270 9271
9270 9272
9273 9274
9273 9275
9276 5503
