89 0
89 2
89 3
89 12
89 17
89 26
89 31
89 48
89 90
89 111
89 121
89 122
89 123
89 124
89 125
90 7
90 19
90 38
90 44
90 61
90 91
90 96
90 98
90 100
90 102
90 105
90 107
90 108
90 109
90 110
90 138
91 92
91 95
92 8
92 93
93 76
93 78
93 79
93 83
93 84
93 85
93 94
93 128
93 133
93 134
93 135
94 75
94 86
94 87
95 5
95 15
95 64
95 142
96 66
96 67
96 70
96 97
97 60
97 157
97 158
98 54
98 99
99 63
99 73
100 28
100 101
101 27
101 51
101 58
102 23
102 103
103 25
103 59
103 104
104 42
104 45
104 72
104 80
105 22
105 29
105 37
105 49
105 50
105 71
105 106
105 145
106 46
106 148
107 10
107 57
108 33
108 88
109 14
109 21
109 34
109 40
109 43
109 53
109 68
109 69
110 30
110 39
110 47
111 112
111 118
112 82
112 113
112 115
112 116
112 117
113 62
113 114
114 24
114 151
115 36
115 55
116 35
116 65
117 32
117 41
117 56
117 154
117 155
117 156
118 11
118 119
119 18
119 20
119 120
120 13
120 159
121 52
121 74
122 77
122 81
123 6
123 126
123 127
124 1
124 16
125 4
125 9
128 129
128 130
128 131
128 132
135 136
135 137
138 139
138 140
138 141
142 143
142 144
145 146
145 147
148 149
148 150
151 152
151 153
159 160
159 161
162 89
