44 0
44 1
44 2
44 6
44 8
44 20
44 21
44 24
44 33
44 37
44 45
44 52
44 53
44 56
44 57
44 58
44 81
44 131
45 3
45 9
45 23
45 25
45 26
45 31
45 40
45 42
45 43
45 46
45 47
45 48
45 49
45 50
45 51
45 61
45 62
45 63
45 64
45 65
45 66
45 67
45 68
45 69
45 70
45 71
45 72
45 73
45 74
45 75
45 76
45 77
45 78
45 79
45 80
45 86
46 41
46 120
46 121
46 122
46 128
47 22
47 35
47 36
48 29
48 109
49 34
49 39
50 30
50 32
51 11
51 115
52 5
52 7
53 4
53 13
53 14
53 15
53 17
53 19
53 54
53 55
53 134
54 10
54 16
55 12
55 18
56 27
56 38
56 123
57 28
57 112
57 113
57 114
58 59
58 60
81 82
81 83
81 84
81 85
86 87
86 88
86 89
86 90
86 91
86 92
86 93
86 94
86 95
86 96
86 97
86 98
86 99
86 100
86 101
86 102
86 103
86 104
86 105
86 106
86 107
86 108
109 110
109 111
115 116
115 117
115 118
115 119
123 124
123 125
123 126
123 127
128 129
128 130
131 132
131 133
134 135
134 136
134 137
134 138
134 139
134 140
134 141
134 142
143 44
