103 73
103 104
103 138
103 152
103 154
103 157
103 158
104 105
104 136
105 106
105 110
105 112
105 115
105 130
105 132
106 107
106 108
106 109
107 21
107 24
108 57
108 68
109 27
109 28
109 41
109 76
109 163
109 164
109 165
110 0
110 11
110 42
110 87
110 111
111 16
111 52
111 58
111 69
112 113
112 114
113 39
113 49
113 59
113 168
114 66
114 77
114 78
115 116
115 129
116 18
116 38
116 82
116 117
116 121
116 123
116 124
116 125
116 126
117 118
117 119
118 35
118 79
119 20
119 22
119 120
120 29
120 85
121 45
121 122
122 44
122 65
123 64
123 75
124 26
124 83
125 14
125 36
126 13
126 33
126 37
126 43
126 60
126 70
126 127
126 166
126 167
127 23
127 128
128 46
128 55
129 3
129 51
130 74
130 131
131 2
131 81
132 17
132 30
132 32
132 71
132 84
132 133
132 134
132 135
133 9
133 12
133 67
134 48
134 63
135 15
135 54
136 19
136 137
137 25
137 50
138 139
138 148
138 151
139 86
139 140
140 141
140 143
141 98
141 142
142 93
142 95
143 102
143 144
144 90
144 91
144 94
144 97
144 145
144 146
144 147
145 89
145 92
146 96
146 101
147 99
147 100
147 171
147 172
148 34
148 149
149 47
149 150
150 72
150 80
151 4
151 160
152 5
152 153
153 56
153 62
154 155
154 156
155 53
155 88
156 6
156 10
157 8
157 40
158 31
158 159
159 1
159 7
159 61
160 161
160 162
168 169
168 170
173 103
