103 104
103 119
103 130
103 137
103 144
103 149
103 153
103 158
103 159
103 162
104 105
104 118
105 106
105 114
106 107
106 111
107 90
107 92
107 108
107 109
107 110
107 167
107 168
108 93
108 94
109 91
109 97
110 96
110 164
111 112
111 113
112 43
112 53
113 1
113 74
114 32
114 115
115 116
115 117
116 66
116 76
117 61
117 64
118 72
118 81
119 120
119 129
120 121
120 128
121 24
121 28
121 46
121 47
121 122
121 125
121 126
121 127
122 13
122 123
122 124
123 17
123 23
124 16
124 21
124 39
125 14
125 26
126 20
126 22
127 36
127 44
128 5
128 12
128 59
129 68
129 89
130 102
130 131
131 132
131 134
131 136
132 18
132 19
132 27
132 48
132 133
133 15
133 30
133 51
134 0
134 2
134 135
135 35
135 54
136 71
136 100
137 11
137 138
137 140
137 141
137 142
138 8
138 70
138 85
138 88
138 139
139 55
139 84
140 78
140 80
141 62
141 99
142 60
142 143
143 77
143 101
144 145
144 148
145 33
145 37
145 41
145 146
145 147
146 34
146 40
147 31
147 50
148 42
148 52
149 73
149 150
149 151
150 45
150 98
151 49
151 152
152 67
152 83
153 154
153 155
153 157
154 65
154 75
154 79
155 9
155 10
155 156
156 3
156 4
157 6
157 7
158 29
158 38
158 63
158 86
159 160
159 161
160 25
160 58
161 56
161 69
162 57
162 87
162 163
163 82
163 95
164 165
164 166
169 103
