63 64
63 83
63 98
64 65
64 81
65 66
65 79
66 27
66 67
67 19
67 28
67 31
67 36
67 38
67 44
67 46
67 68
67 69
67 73
67 74
67 75
67 76
67 77
67 78
67 114
67 115
67 116
67 117
67 118
67 119
67 120
68 22
68 39
68 45
68 47
68 51
68 147
68 148
68 149
69 14
69 54
69 70
69 71
69 72
70 15
70 60
71 41
71 61
72 123
72 145
72 146
73 13
73 34
73 40
74 43
74 111
75 24
75 53
75 55
76 49
76 129
77 57
77 150
77 151
78 48
78 58
79 30
79 80
80 33
80 126
80 137
80 140
80 141
81 35
81 82
82 0
82 7
83 84
83 97
84 85
84 89
85 1
85 86
86 2
86 87
86 88
87 4
87 10
88 6
88 9
89 90
89 92
90 20
90 91
91 5
91 8
91 142
92 93
92 96
93 94
93 95
94 56
94 62
95 23
95 25
95 26
95 37
95 59
95 109
95 110
96 16
96 42
97 29
97 32
97 50
98 99
98 102
99 3
99 100
100 18
100 52
100 101
100 103
100 104
100 105
100 106
100 107
100 108
100 134
101 17
101 21
101 121
101 122
102 11
102 12
111 112
111 113
123 124
123 125
126 127
126 128
129 130
129 131
129 132
129 133
134 135
134 136
137 138
137 139
142 143
142 144
152 63
