96 95
96 97
96 151
96 164
96 168
97 98
97 147
98 99
98 146
99 100
99 145
100 101
100 106
100 111
100 122
101 102
101 105
102 103
102 104
103 23
103 68
104 21
104 49
105 22
105 80
106 107
106 110
107 83
107 108
108 84
108 109
109 26
109 47
110 31
110 46
111 112
111 116
111 118
112 113
112 115
113 28
113 114
114 64
114 77
115 30
115 44
116 24
116 117
117 27
117 73
118 119
118 120
118 121
119 41
119 58
120 40
120 66
121 59
121 81
122 123
122 124
122 128
122 130
122 132
122 136
122 137
123 53
123 57
124 125
124 126
125 62
125 93
126 90
126 127
127 29
127 61
128 82
128 129
129 39
129 50
130 92
130 131
131 65
131 91
132 35
132 133
133 134
133 135
134 51
134 85
135 38
135 70
136 48
136 52
137 138
137 139
137 140
138 87
138 88
139 34
139 56
140 141
140 142
140 143
141 55
141 89
142 54
142 72
143 32
143 144
144 74
144 76
145 36
145 63
146 25
146 174
147 148
147 149
148 9
148 11
149 60
149 150
150 3
150 8
151 152
151 159
152 153
152 156
153 33
153 154
154 37
154 71
154 155
155 45
155 69
156 43
156 157
157 19
157 158
158 78
158 79
159 17
159 160
160 161
160 163
161 42
161 162
162 20
162 67
163 14
163 94
164 13
164 165
164 167
165 1
165 6
165 7
165 166
166 0
166 4
167 2
167 5
168 169
168 170
169 75
169 86
170 171
170 172
171 10
171 12
172 15
172 173
173 16
173 18
174 175
174 176
177 96
