68 1
68 10
68 15
68 16
68 18
68 24
68 27
68 32
68 33
68 34
68 36
68 37
68 38
68 39
68 41
68 42
68 43
68 49
68 54
68 59
68 61
68 64
68 66
68 67
68 69
68 72
68 74
68 78
68 79
68 81
68 82
68 84
68 85
68 86
68 87
68 88
68 89
68 92
68 98
69 17
69 20
69 22
69 46
69 52
69 65
69 70
69 71
70 4
70 47
70 53
71 6
71 12
71 13
71 30
71 58
72 23
72 73
73 7
73 11
74 75
74 76
75 51
75 63
76 31
76 57
76 77
77 3
77 5
78 26
78 40
78 44
78 56
79 48
79 80
80 35
80 45
81 2
81 8
82 50
82 83
83 28
83 29
84 9
84 19
85 21
85 95
86 60
86 62
87 0
87 55
88 14
88 25
89 90
89 91
92 93
92 94
95 96
95 97
98 99
98 100
98 101
98 102
98 103
104 68
