94 1
94 95
94 153
95 92
95 96
96 97
96 119
96 134
97 98
97 116
98 32
98 87
98 99
98 104
98 111
98 112
98 113
98 114
98 115
99 100
99 102
100 33
100 101
101 9
101 46
102 55
102 103
103 15
103 19
104 105
104 107
104 109
104 110
105 34
105 106
106 12
106 72
107 5
107 108
108 27
108 36
109 35
109 85
110 63
110 83
111 44
111 80
112 68
112 82
113 13
113 23
114 8
114 71
115 48
115 91
116 84
116 117
117 93
117 118
118 59
118 79
119 120
119 129
120 56
120 121
121 122
121 125
121 128
122 62
122 66
122 123
122 124
123 11
123 28
124 38
124 86
125 126
125 127
126 67
126 70
127 65
127 77
128 49
128 51
129 25
129 130
129 131
129 132
130 6
130 90
131 30
131 58
132 73
132 75
132 133
133 47
133 81
134 16
134 135
134 144
134 148
134 149
135 136
135 138
135 139
135 140
136 39
136 137
137 14
137 40
138 42
138 57
139 52
139 88
140 78
140 141
141 64
141 142
142 26
142 143
143 22
143 31
144 145
144 146
144 147
145 10
145 18
145 43
145 54
145 61
146 21
146 159
147 37
147 74
148 7
148 29
149 150
149 151
150 53
150 76
151 20
151 152
152 60
152 89
153 2
153 154
154 17
154 155
154 158
155 4
155 24
155 156
155 157
156 50
156 69
157 41
157 45
158 0
158 3
159 160
159 161
162 94
