79 80
79 107
80 33
80 81
80 85
80 93
80 95
80 98
80 99
80 102
80 104
81 58
81 82
81 83
81 84
82 13
82 30
82 42
83 37
83 38
84 23
84 60
85 9
85 86
86 87
86 89
87 2
87 88
88 1
88 35
89 17
89 55
89 90
89 92
90 36
90 91
91 6
91 12
92 49
92 53
93 19
93 32
93 46
93 94
94 28
94 45
95 16
95 96
95 97
96 10
96 26
97 27
97 52
98 11
98 29
99 100
99 101
100 3
100 25
101 5
101 54
102 14
102 103
103 4
103 40
103 57
103 59
104 48
104 51
104 105
105 24
105 106
106 15
106 47
107 108
107 126
108 66
108 74
108 109
108 113
108 116
108 117
108 120
108 121
108 122
108 123
109 110
109 112
110 56
110 111
111 7
111 20
112 8
112 21
112 31
113 114
113 115
114 70
114 76
115 41
115 73
116 62
116 75
117 0
117 118
118 22
118 119
119 50
119 61
120 77
120 78
121 44
121 131
122 34
122 43
123 18
123 124
124 39
124 125
125 64
125 71
126 67
126 127
127 128
127 129
128 68
128 72
129 63
129 130
130 65
130 69
131 132
131 133
134 79
