791 647
791 792
791 1206
791 1264
791 1267
791 1273
791 1275
791 1278
791 1282
792 793
792 1189
793 794
793 1136
793 1169
793 1175
793 1180
793 1182
793 1184
794 79
794 354
794 527
794 795
794 1054
794 1081
794 1115
794 1123
794 1127
794 1131
794 1133
794 1134
795 209
795 308
795 473
795 483
795 796
795 827
795 869
795 895
795 922
795 941
795 991
795 1000
795 1009
795 1017
795 1023
795 1035
795 1040
795 1043
795 1045
795 1048
795 1049
795 1050
795 1053
796 797
796 820
797 508
797 798
797 801
797 804
797 806
797 807
797 813
797 819
798 87
798 799
799 333
799 369
799 800
800 504
800 575
801 348
801 802
801 803
802 403
802 448
803 284
803 440
804 318
804 805
805 378
805 389
805 609
806 585
806 591
807 167
807 340
807 371
807 383
807 590
807 739
807 808
807 810
807 811
807 812
808 36
808 134
808 223
808 546
808 809
809 347
809 379
810 329
810 402
811 252
811 577
812 228
812 529
813 160
813 286
813 332
813 814
813 816
814 346
814 386
814 467
814 815
814 1471
815 267
815 314
815 1331
815 1332
815 1333
815 1334
815 1352
816 297
816 302
816 817
816 818
817 375
817 1381
818 421
818 563
819 501
819 1571
820 821
820 823
821 43
821 822
822 147
822 325
823 431
823 621
823 824
824 193
824 825
824 826
825 727
825 732
826 207
826 619
827 828
827 850
828 829
828 846
829 289
829 298
829 399
829 437
829 472
829 475
829 503
829 554
829 830
829 834
829 837
829 839
829 840
829 841
829 843
829 844
829 845
829 1378
830 831
830 833
831 366
831 507
831 545
831 832
832 338
832 560
833 336
833 342
833 572
834 433
834 595
834 835
834 836
835 323
835 406
836 376
836 471
836 561
837 411
837 838
838 285
838 452
839 608
839 1349
840 293
840 540
841 484
841 842
842 363
842 535
843 310
843 321
844 360
844 509
845 493
845 600
846 222
846 733
846 847
846 848
847 210
847 248
848 344
848 849
849 149
849 385
850 253
850 851
850 856
850 866
850 867
851 852
851 853
852 140
852 199
852 218
852 1459
852 1460
853 22
853 854
854 240
854 258
854 855
855 158
855 172
855 272
856 857
856 864
857 858
857 860
858 489
858 859
859 486
859 603
860 616
860 861
860 862
861 380
861 498
862 482
862 602
862 863
863 419
863 479
863 520
864 48
864 351
864 865
865 442
865 1468
866 88
866 751
867 69
867 485
867 868
868 319
868 547
869 264
869 870
869 876
869 879
869 885
869 891
869 893
869 894
870 871
870 874
870 875
871 256
871 872
871 873
871 1479
871 1480
871 1481
871 1482
872 226
872 231
872 271
873 263
873 668
874 32
874 60
874 1522
874 1607
874 1608
874 1609
874 1610
874 1611
874 1612
874 1613
875 82
875 443
876 115
876 877
877 623
877 683
877 690
877 878
877 1509
877 1510
877 1511
877 1512
877 1513
877 1519
878 680
878 1495
878 1496
878 1497
878 1498
878 1499
879 880
879 882
879 883
880 106
880 109
880 881
881 96
881 104
882 446
882 525
882 1568
883 496
883 884
884 108
884 275
885 886
885 890
886 887
886 888
887 170
887 251
888 175
888 202
888 221
888 889
889 220
889 1474
889 1475
890 494
890 582
891 457
891 892
891 1550
892 625
892 1492
893 122
893 146
894 247
894 429
895 896
895 907
895 914
895 919
896 897
896 901
896 902
896 904
897 898
897 1483
898 39
898 97
898 491
898 578
898 899
898 900
899 184
899 423
900 72
900 562
901 362
901 1562
902 447
902 903
903 126
903 230
904 168
904 905
905 324
905 906
906 441
906 534
907 908
907 912
908 89
908 909
908 910
908 911
909 391
909 434
910 112
910 612
911 113
911 282
911 414
911 417
911 573
911 574
911 618
911 1412
911 1413
911 1414
911 1415
911 1416
912 445
912 913
913 191
913 239
914 497
914 915
914 918
915 642
915 916
916 216
916 917
917 117
917 1451
917 1452
918 157
918 169
919 179
919 920
920 571
920 921
921 350
921 567
922 923
922 937
922 940
923 924
923 934
923 936
924 925
924 927
924 929
924 933
925 629
925 926
926 641
926 664
927 652
927 675
927 928
928 658
928 1514
928 1515
929 636
929 648
929 659
929 662
929 665
929 681
929 687
929 930
929 931
929 932
930 651
930 653
931 624
931 655
932 626
932 660
932 666
932 679
932 689
933 613
933 1516
934 640
934 935
934 1425
935 1315
935 1358
936 148
936 196
936 390
937 294
937 938
937 939
938 339
938 526
939 341
939 557
940 548
940 1476
941 942
941 954
941 965
941 971
941 986
941 989
942 943
942 949
943 116
943 944
944 290
944 394
944 490
944 492
944 522
944 565
944 569
944 576
944 945
944 946
944 947
944 948
944 1396
944 1405
944 1406
944 1407
944 1408
944 1409
945 510
945 537
946 356
946 499
947 435
947 459
948 309
948 579
949 136
949 144
949 225
949 268
949 303
949 322
949 584
949 950
949 952
950 197
950 951
951 1422
951 1428
951 1429
951 1430
951 1431
952 352
952 953
953 135
953 141
953 165
953 177
953 1440
953 1441
953 1442
953 1443
953 1444
953 1445
953 1446
953 1447
953 1448
953 1449
953 1450
954 955
954 959
955 307
955 400
955 415
955 524
955 956
955 957
956 413
956 469
957 958
957 1370
958 161
958 163
959 353
959 960
959 1393
960 961
960 964
961 326
961 620
961 962
961 963
961 1306
961 1307
961 1308
961 1309
961 1310
961 1311
961 1312
961 1313
961 1314
962 335
962 372
963 355
963 528
964 468
964 474
965 596
965 966
966 182
966 219
966 967
967 129
967 188
967 236
967 968
967 970
968 128
968 164
968 969
968 1583
969 155
969 1457
969 1458
970 203
970 213
971 972
971 973
972 98
972 101
972 114
972 1729
972 1730
972 1731
972 1732
972 1733
972 1734
972 1735
973 974
973 976
973 977
973 985
974 279
974 975
975 190
975 195
975 260
976 418
976 1335
976 1336
976 1337
977 327
977 978
977 980
977 981
977 982
978 270
978 979
979 183
979 205
980 250
980 1417
981 464
981 607
982 187
982 208
982 266
982 277
982 983
982 984
982 1739
983 171
983 1453
984 176
984 254
985 100
985 156
986 987
986 988
987 320
987 377
988 502
988 1346
989 53
989 990
990 61
990 761
991 992
991 994
992 238
992 993
993 401
993 506
994 211
994 257
994 995
994 996
994 997
994 998
994 999
994 1580
995 166
995 249
996 274
996 276
997 145
997 233
998 173
998 235
999 301
999 1355
1000 1001
1000 1008
1001 1002
1001 1004
1002 1003
1002 1375
1003 120
1003 262
1004 334
1004 1005
1004 1006
1004 1007
1005 515
1005 1574
1006 541
1006 598
1006 1373
1006 1374
1007 67
1007 85
1008 364
1008 454
1009 1010
1009 1016
1010 1011
1010 1014
1011 186
1011 1012
1012 154
1012 178
1012 1013
1013 204
1013 232
1014 137
1014 1015
1015 153
1015 1487
1015 1488
1016 180
1016 317
1017 1018
1017 1019
1018 237
1018 427
1018 699
1019 1020
1019 1021
1020 404
1020 1399
1021 543
1021 1022
1022 451
1022 610
1023 1024
1023 1028
1023 1030
1023 1034
1024 1025
1024 1026
1025 555
1025 587
1026 296
1026 1027
1027 306
1027 476
1028 312
1028 1029
1029 139
1029 255
1030 305
1030 365
1030 382
1030 488
1030 505
1030 512
1030 559
1030 1031
1030 1032
1031 407
1031 408
1031 439
1032 495
1032 500
1032 1033
1033 568
1033 1410
1033 1411
1034 368
1034 463
1035 1036
1035 1038
1036 315
1036 1037
1037 152
1037 185
1037 212
1037 244
1037 1432
1037 1433
1037 1434
1037 1435
1037 1436
1037 1489
1038 278
1038 1039
1039 532
1039 597
1040 1041
1040 1042
1041 373
1041 480
1041 531
1041 552
1042 311
1042 614
1043 331
1043 1044
1044 470
1044 518
1045 1046
1045 1047
1046 304
1046 615
1047 387
1047 592
1048 143
1048 514
1049 181
1049 194
1050 174
1050 1051
1051 125
1051 1052
1052 558
1052 685
1053 586
1053 735
1054 1055
1054 1077
1055 398
1055 1056
1055 1066
1055 1068
1055 1072
1055 1076
1056 280
1056 1057
1056 1058
1057 663
1057 671
1057 673
1057 678
1058 349
1058 1059
1059 632
1059 674
1059 682
1059 1060
1059 1062
1059 1063
1059 1064
1060 1061
1060 1506
1060 1507
1060 1508
1061 646
1061 1503
1062 627
1062 1526
1063 103
1063 686
1064 628
1064 692
1064 1065
1065 645
1065 1500
1066 737
1066 1067
1067 631
1067 633
1067 637
1067 688
1067 697
1067 698
1068 1069
1068 1071
1069 34
1069 1070
1070 29
1070 1688
1070 1689
1070 1690
1071 299
1071 396
1072 316
1072 444
1072 466
1072 544
1072 556
1072 1073
1072 1074
1072 1075
1073 533
1073 583
1074 542
1074 1321
1075 425
1075 1341
1075 1342
1075 1343
1075 1344
1075 1345
1076 138
1076 593
1077 229
1077 1078
1077 1080
1078 198
1078 1079
1079 667
1079 693
1080 200
1080 214
1081 1082
1081 1113
1082 1083
1082 1092
1082 1104
1082 1106
1083 1084
1083 1090
1084 1085
1084 1086
1085 292
1085 313
1086 1087
1086 1088
1087 461
1087 478
1087 516
1087 517
1088 384
1088 1089
1089 436
1089 601
1090 438
1090 1091
1091 54
1091 691
1092 1093
1092 1100
1093 1094
1093 1095
1094 7
1094 11
1094 45
1095 1096
1095 1097
1095 1098
1095 1736
1096 38
1096 47
1097 27
1097 40
1098 73
1098 1099
1099 19
1099 52
1100 31
1100 70
1100 77
1100 1101
1100 1103
1100 1691
1100 1742
1101 71
1101 83
1101 1102
1102 65
1102 1705
1102 1706
1103 78
1103 1674
1103 1675
1104 46
1104 1105
1105 81
1105 132
1105 269
1106 397
1106 1107
1106 1108
1106 1110
1107 1589
1107 1590
1107 1591
1107 1592
1107 1593
1107 1594
1107 1595
1107 1596
1107 1597
1107 1598
1107 1599
1107 1722
1108 16
1108 654
1108 1109
1108 1586
1109 21
1109 63
1109 80
1110 18
1110 56
1110 243
1110 1111
1110 1112
1111 68
1111 1720
1111 1721
1112 58
1112 234
1113 604
1113 1114
1114 62
1114 1284
1114 1285
1114 1286
1114 1287
1114 1288
1114 1289
1114 1290
1114 1291
1114 1292
1114 1293
1114 1294
1114 1295
1114 1296
1114 1297
1114 1298
1114 1299
1114 1300
1115 14
1115 1116
1116 736
1116 1117
1116 1119
1116 1120
1117 758
1117 764
1117 780
1117 1118
1118 767
1118 789
1119 709
1119 760
1120 701
1120 755
1120 757
1120 770
1120 1121
1120 1122
1121 718
1121 766
1122 790
1122 1529
1123 1124
1123 1125
1124 649
1124 656
1124 677
1125 283
1125 1126
1126 361
1126 374
1127 1128
1127 1129
1128 57
1128 59
1128 432
1129 37
1129 450
1129 456
1129 1130
1130 75
1130 215
1131 217
1131 424
1131 1132
1132 381
1132 481
1133 712
1133 726
1133 752
1134 162
1134 1135
1135 288
1135 337
1136 1137
1136 1162
1137 91
1137 538
1137 1138
1137 1143
1137 1145
1137 1147
1137 1149
1137 1150
1137 1151
1137 1152
1137 1153
1137 1154
1137 1155
1137 1156
1138 44
1138 84
1138 1139
1138 1140
1138 1141
1138 1142
1139 8
1139 51
1140 10
1140 1710
1140 1711
1140 1712
1140 1713
1140 1714
1140 1715
1140 1716
1140 1717
1140 1718
1140 1719
1141 24
1141 90
1142 12
1142 17
1142 26
1142 1614
1142 1615
1142 1616
1142 1617
1142 1618
1142 1619
1142 1620
1142 1621
1142 1622
1142 1623
1142 1624
1142 1625
1142 1626
1142 1627
1142 1628
1142 1629
1142 1630
1142 1631
1142 1632
1142 1633
1142 1634
1142 1635
1142 1636
1142 1637
1142 1638
1142 1639
1142 1640
1142 1641
1142 1642
1142 1643
1142 1644
1142 1645
1142 1646
1142 1726
1143 566
1143 1144
1143 1565
1144 105
1144 119
1145 93
1145 1146
1146 110
1146 111
1146 118
1147 131
1147 1148
1148 99
1148 123
1149 291
1149 1318
1150 5
1150 66
1151 102
1151 159
1152 42
1152 241
1153 25
1153 227
1154 23
1154 782
1155 33
1155 513
1156 453
1156 530
1156 672
1156 1157
1156 1158
1156 1159
1156 1160
1157 245
1157 246
1158 605
1158 1707
1159 4
1159 676
1160 127
1160 1161
1161 28
1161 76
1161 86
1162 1163
1162 1166
1163 1164
1163 1165
1164 189
1164 581
1165 359
1165 462
1165 1328
1165 1329
1165 1330
1166 94
1166 393
1166 1167
1167 3
1167 124
1167 1168
1168 55
1168 1694
1169 1170
1169 1174
1170 1171
1170 1172
1171 742
1171 1538
1172 1173
1172 1559
1173 465
1173 715
1173 769
1174 15
1174 367
1175 1176
1175 1178
1176 580
1176 1177
1177 410
1177 536
1178 392
1178 416
1178 519
1178 1179
1179 206
1179 622
1180 594
1180 1181
1181 300
1181 589
1182 2
1182 1183
1183 192
1183 201
1184 151
1184 1185
1184 1186
1185 265
1185 746
1186 606
1186 1187
1187 9
1187 30
1187 261
1187 1188
1188 1647
1188 1648
1188 1649
1188 1650
1188 1651
1188 1652
1188 1653
1188 1654
1188 1655
1188 1656
1188 1657
1188 1658
1188 1659
1188 1660
1188 1661
1188 1662
1188 1663
1188 1664
1188 1665
1188 1666
1188 1667
1188 1668
1188 1669
1188 1670
1188 1671
1188 1672
1188 1673
1188 1679
1189 1190
1189 1204
1190 1191
1190 1201
1191 1192
1191 1338
1192 1193
1192 1195
1192 1200
1193 142
1193 242
1193 1194
1194 1437
1194 1438
1194 1439
1194 1461
1195 1196
1195 1198
1195 1199
1196 259
1196 1197
1197 281
1197 357
1197 412
1198 130
1198 133
1199 345
1199 1464
1199 1465
1199 1466
1199 1467
1199 1556
1200 273
1200 549
1201 1202
1201 1203
1202 460
1202 1304
1202 1305
1203 617
1203 1384
1204 1
1204 1205
1205 6
1205 405
1205 539
1206 1207
1206 1250
1207 553
1207 1208
1208 455
1208 1209
1209 1210
1209 1245
1210 1211
1210 1215
1210 1219
1210 1221
1210 1223
1210 1225
1210 1227
1210 1244
1211 776
1211 1212
1211 1213
1212 650
1212 670
1212 694
1213 696
1213 1214
1214 634
1214 639
1215 1216
1215 1217
1216 730
1216 783
1217 781
1217 1218
1218 744
1218 1548
1218 1549
1219 657
1219 723
1219 734
1219 748
1219 1220
1220 749
1220 759
1221 707
1221 775
1221 777
1221 1222
1222 702
1222 728
1223 684
1223 1224
1224 756
1224 788
1225 768
1225 1226
1226 706
1226 740
1227 644
1227 704
1227 729
1227 753
1227 762
1227 1228
1227 1229
1227 1231
1227 1233
1227 1236
1227 1237
1227 1238
1227 1239
1227 1240
1227 1241
1227 1242
1227 1243
1227 1532
1228 716
1228 725
1228 765
1229 708
1229 1230
1230 750
1230 784
1231 772
1231 1232
1232 714
1232 720
1233 643
1233 1234
1233 1235
1234 710
1234 745
1234 1541
1234 1546
1234 1547
1235 719
1235 1535
1236 741
1236 771
1237 717
1237 779
1238 705
1238 774
1239 638
1239 661
1239 738
1240 731
1240 773
1241 703
1241 787
1242 711
1242 722
1242 1554
1242 1555
1243 721
1243 754
1243 1544
1243 1545
1244 743
1244 763
1245 1246
1245 1248
1246 295
1246 511
1246 1247
1247 358
1247 611
1248 786
1248 1249
1249 107
1249 224
1250 1251
1250 1256
1250 1262
1251 1252
1251 1254
1252 0
1252 1253
1253 41
1253 74
1253 1600
1253 1601
1253 1602
1253 1603
1253 1604
1253 1605
1253 1606
1254 422
1254 1255
1254 1676
1255 395
1255 426
1255 428
1255 599
1255 1402
1256 370
1256 1257
1257 1258
1257 1260
1258 695
1258 1259
1258 1577
1259 635
1259 669
1260 747
1260 1261
1261 50
1261 700
1262 487
1262 1263
1263 630
1263 1390
1264 343
1264 1265
1265 330
1265 449
1265 550
1265 588
1265 1266
1265 1301
1265 1325
1265 1365
1265 1366
1265 1367
1265 1368
1265 1369
1266 287
1266 521
1267 1268
1267 1272
1268 1269
1268 1270
1268 1271
1269 328
1269 458
1270 150
1270 388
1270 420
1271 551
1271 570
1272 121
1272 430
1273 35
1273 1274
1274 49
1274 64
1275 778
1275 1276
1276 713
1276 1277
1277 724
1277 785
1278 523
1278 1279
1279 477
1279 1280
1280 92
1280 1281
1281 13
1281 409
1282 95
1282 1283
1283 20
1283 564
1301 1302
1301 1303
1315 1316
1315 1317
1318 1319
1318 1320
1321 1322
1321 1323
1321 1324
1325 1326
1325 1327
1338 1339
1338 1340
1346 1347
1346 1348
1349 1350
1349 1351
1352 1353
1352 1354
1355 1356
1355 1357
1358 1359
1358 1360
1358 1361
1358 1362
1358 1363
1358 1364
1370 1371
1370 1372
1375 1376
1375 1377
1378 1379
1378 1380
1381 1382
1381 1383
1384 1385
1384 1386
1384 1387
1384 1388
1384 1389
1390 1391
1390 1392
1393 1394
1393 1395
1396 1397
1396 1398
1399 1400
1399 1401
1402 1403
1402 1404
1417 1418
1417 1419
1417 1420
1417 1421
1422 1423
1422 1424
1425 1426
1425 1427
1453 1454
1453 1455
1453 1456
1461 1462
1461 1463
1468 1469
1468 1470
1471 1472
1471 1473
1476 1477
1476 1478
1483 1484
1483 1485
1483 1486
1489 1490
1489 1491
1492 1493
1492 1494
1500 1501
1500 1502
1503 1504
1503 1505
1516 1517
1516 1518
1519 1520
1519 1521
1522 1523
1522 1524
1522 1525
1526 1527
1526 1528
1529 1530
1529 1531
1532 1533
1532 1534
1535 1536
1535 1537
1538 1539
1538 1540
1541 1542
1541 1543
1550 1551
1550 1552
1550 1553
1556 1557
1556 1558
1559 1560
1559 1561
1562 1563
1562 1564
1565 1566
1565 1567
1568 1569
1568 1570
1571 1572
1571 1573
1574 1575
1574 1576
1577 1578
1577 1579
1580 1581
1580 1582
1583 1584
1583 1585
1586 1587
1586 1588
1676 1677
1676 1678
1679 1680
1679 1681
1679 1682
1679 1683
1679 1684
1679 1685
1679 1686
1679 1687
1691 1692
1691 1693
1694 1695
1694 1696
1694 1697
1694 1698
1694 1699
1694 1700
1694 1701
1694 1702
1694 1703
1694 1704
1707 1708
1707 1709
1722 1723
1722 1724
1722 1725
1726 1727
1726 1728
1736 1737
1736 1738
1739 1740
1739 1741
1742 1743
1742 1744
1745 791
