35 0
35 1
35 2
35 3
35 4
35 6
35 7
35 8
35 10
35 14
35 16
35 17
35 20
35 21
35 22
35 27
35 28
35 31
35 32
35 36
35 37
35 38
35 39
35 41
35 42
35 43
35 44
35 45
35 46
35 47
35 48
35 49
35 50
35 51
35 52
35 53
35 54
35 55
35 56
35 57
35 58
35 59
35 60
35 61
35 62
35 63
35 64
35 65
35 66
35 72
35 75
35 79
36 5
36 13
36 18
37 11
37 69
37 70
37 71
38 12
38 15
38 19
38 24
38 25
38 33
38 82
38 83
38 84
38 85
38 86
39 34
39 40
39 87
39 88
39 89
40 26
40 29
41 23
41 90
41 91
42 9
42 30
66 67
66 68
72 73
72 74
75 76
75 77
75 78
79 80
79 81
92 35
