71 72
71 94
72 73
72 92
73 74
73 89
74 58
74 75
74 81
74 83
74 84
74 85
74 86
74 87
75 76
75 77
75 78
76 22
76 26
77 13
77 25
78 15
78 79
79 28
79 80
80 8
80 12
81 40
81 82
82 42
82 44
83 0
83 1
83 5
83 7
84 2
84 20
84 128
85 6
85 48
86 19
86 46
87 65
87 88
88 47
88 56
89 90
89 91
90 66
90 69
91 30
91 64
92 21
92 93
93 17
93 33
93 60
94 52
94 95
94 101
94 110
94 112
94 113
94 114
94 116
95 96
95 99
96 27
96 97
96 98
97 23
97 24
98 14
98 31
99 34
99 100
100 18
100 29
101 35
101 102
102 39
102 103
102 104
102 105
102 109
103 51
103 59
104 63
104 117
105 37
105 106
105 107
105 108
106 16
106 36
106 43
106 120
106 123
106 124
107 38
107 61
108 45
108 49
108 53
108 55
109 41
109 50
110 9
110 111
111 10
111 11
112 57
112 125
113 54
113 62
114 4
114 67
114 115
115 32
115 68
116 3
116 70
117 118
117 119
120 121
120 122
125 126
125 127
128 129
128 130
131 71
