72 0
72 3
72 23
72 30
72 56
72 73
72 85
72 90
72 91
72 93
72 94
72 96
72 97
72 98
73 1
73 2
73 7
73 12
73 17
73 21
73 33
73 51
73 59
73 63
73 68
73 74
73 77
73 78
73 79
73 80
73 81
73 82
73 83
73 84
74 60
74 75
74 76
75 65
75 66
75 69
76 5
76 43
77 13
77 16
77 62
78 61
78 70
79 20
79 58
80 10
80 53
81 52
81 64
82 6
82 8
82 15
82 19
82 22
83 9
83 18
84 11
84 67
85 86
85 87
85 88
86 41
86 48
87 14
87 28
88 29
88 34
88 39
88 89
89 26
89 37
89 38
89 40
89 47
89 102
90 31
90 36
90 46
91 42
91 45
91 92
92 35
92 49
93 57
93 99
94 50
94 95
95 27
95 44
96 54
96 55
97 24
97 32
98 4
98 25
98 71
99 100
99 101
102 103
102 104
105 72
