71 72
71 84
71 98
71 112
71 119
72 12
72 32
72 37
72 73
72 78
72 80
72 81
72 82
72 83
73 74
73 76
74 17
74 75
75 7
75 15
76 67
76 77
77 9
77 11
78 6
78 79
79 18
79 63
80 30
80 61
81 16
81 51
82 19
82 58
83 8
83 65
84 85
84 94
85 86
85 91
86 87
86 89
87 2
87 33
87 47
87 53
87 88
88 25
88 68
89 0
89 90
90 34
90 46
91 29
91 92
92 42
92 93
93 39
93 70
94 95
94 96
95 22
95 45
96 50
96 97
97 36
97 57
98 69
98 99
98 105
98 107
98 108
98 109
98 110
99 23
99 100
100 48
100 101
101 60
101 102
102 103
102 104
103 3
103 26
104 20
104 24
105 54
105 106
106 38
106 44
107 40
107 66
108 14
108 27
109 35
109 64
110 49
110 111
111 4
111 5
112 113
112 115
112 116
112 117
113 62
113 114
114 52
114 56
115 10
115 55
116 1
116 43
117 31
117 118
118 13
118 28
119 41
119 120
120 21
120 59
121 71
