52 11
52 12
52 19
52 25
52 28
52 34
52 41
52 44
52 53
52 60
52 62
52 65
52 67
52 71
52 72
52 73
53 54
53 59
54 7
54 27
54 33
54 35
54 40
54 43
54 55
54 56
54 57
54 58
54 80
54 87
55 31
55 47
56 36
56 37
57 32
57 45
58 14
58 39
59 38
59 77
60 0
60 1
60 3
60 5
60 61
61 4
61 6
62 48
62 63
62 64
63 13
63 17
64 26
64 83
65 8
65 29
65 66
66 23
66 24
67 18
67 68
68 69
68 70
68 74
69 9
69 15
70 10
70 16
71 30
71 50
72 21
72 46
73 2
73 20
73 22
73 42
73 49
73 51
74 75
74 76
77 78
77 79
80 81
80 82
83 84
83 85
83 86
87 88
87 89
90 52
