62 63
62 76
62 89
62 94
62 96
63 64
63 71
64 65
64 70
65 5
65 9
65 15
65 16
65 18
65 31
65 66
65 69
66 67
66 68
67 6
67 28
68 13
68 20
68 24
69 11
69 33
70 25
70 26
71 72
71 73
72 39
72 42
73 34
73 43
73 74
74 1
74 75
75 36
75 56
76 54
76 77
76 81
76 82
76 85
76 87
77 27
77 78
78 0
78 32
78 45
78 79
78 80
79 35
79 37
79 48
79 49
80 22
80 53
81 17
81 21
81 30
81 98
82 23
82 83
82 84
83 14
83 29
83 51
84 4
84 19
85 57
85 86
86 52
86 55
87 8
87 88
88 3
88 46
88 60
89 40
89 90
90 44
90 91
91 92
91 93
92 10
92 41
93 38
93 50
94 12
94 61
94 95
95 2
95 7
96 58
96 97
97 47
97 59
98 99
98 100
101 62
