63 7
63 15
63 54
63 64
63 77
63 89
63 94
63 96
64 65
64 70
64 71
64 73
64 74
64 75
65 66
65 68
66 26
66 60
66 67
67 20
67 45
68 58
68 69
69 17
69 42
70 10
70 12
70 21
71 19
71 72
72 39
72 46
73 3
73 14
74 29
74 37
75 13
75 76
76 11
76 44
77 78
77 87
78 59
78 79
78 85
78 86
79 80
79 81
79 82
79 83
79 84
80 6
80 32
81 22
81 36
82 2
82 5
82 16
82 25
82 34
82 40
83 0
83 28
84 1
84 49
85 33
85 48
86 41
86 62
87 35
87 88
88 23
88 24
89 90
89 91
89 92
89 93
90 18
90 53
91 9
91 31
91 43
91 52
92 8
92 57
93 38
93 56
94 51
94 55
94 95
95 4
95 30
95 61
96 27
96 47
96 50
97 63
