52 53
52 59
52 70
52 74
52 76
52 81
53 11
53 54
53 55
53 57
54 22
54 27
54 32
54 38
54 92
54 93
55 6
55 10
55 33
55 56
56 5
56 87
56 88
57 26
57 58
58 45
58 48
59 60
59 63
59 68
59 69
60 1
60 18
60 61
60 62
61 3
61 9
61 84
61 85
61 86
62 20
62 46
63 64
63 66
64 42
64 65
65 0
65 2
66 67
66 94
67 14
67 17
68 7
68 13
69 21
69 39
70 19
70 24
70 29
70 35
70 71
70 72
71 28
71 89
72 31
72 73
73 49
73 51
74 25
74 47
74 75
75 8
75 44
76 36
76 37
76 77
76 79
77 4
77 78
78 16
78 30
79 15
79 80
80 23
80 43
81 34
81 82
81 83
82 40
82 50
83 12
83 41
89 90
89 91
94 95
94 96
97 52
