884 3
884 6
884 10
884 34
884 35
884 56
884 65
884 77
884 102
884 133
884 166
884 173
884 195
884 203
884 207
884 225
884 236
884 239
884 242
884 274
884 298
884 303
884 336
884 350
884 404
884 423
884 469
884 492
884 498
884 509
884 531
884 541
884 566
884 612
884 620
884 639
884 652
884 675
884 692
884 700
884 720
884 731
884 756
884 773
884 782
884 794
884 795
884 806
884 814
884 837
884 846
884 885
884 1027
884 1061
884 1081
884 1086
884 1095
884 1104
884 1157
884 1161
884 1165
884 1169
884 1172
884 1177
884 1183
884 1186
884 1191
884 1195
884 1200
884 1203
884 1204
884 1205
884 1207
884 1208
884 1209
884 1218
884 1219
884 1221
884 1223
884 1224
884 1225
884 1226
884 1228
884 1235
884 1236
884 1237
884 1240
884 1246
884 1251
884 1263
884 1342
884 1377
884 1380
884 1475
885 33
885 96
885 136
885 230
885 235
885 292
885 302
885 329
885 403
885 449
885 473
885 475
885 517
885 525
885 537
885 558
885 587
885 599
885 632
885 637
885 658
885 748
885 760
885 796
885 847
885 865
885 876
885 886
885 921
885 942
885 945
885 946
885 948
885 951
885 952
885 955
885 957
885 962
885 964
885 967
885 970
885 986
885 987
885 988
885 989
885 990
885 991
885 992
885 993
885 994
885 996
885 997
885 999
885 1000
885 1001
885 1002
885 1003
885 1004
885 1005
885 1006
885 1012
885 1013
885 1014
885 1016
885 1018
885 1019
885 1021
885 1022
885 1023
885 1024
885 1025
885 1026
885 1430
886 145
886 246
886 431
886 887
886 890
886 894
886 896
886 897
886 918
886 919
887 888
887 889
888 470
888 527
888 803
888 1340
888 1341
889 205
889 706
890 891
890 892
891 50
891 630
892 581
892 893
893 355
893 503
894 559
894 895
895 326
895 661
896 277
896 807
896 833
897 202
897 325
897 406
897 501
897 544
897 591
897 674
897 822
897 898
897 900
897 902
897 903
897 904
897 905
897 906
897 907
897 908
897 909
897 910
897 911
897 912
897 913
897 914
897 915
897 916
897 917
897 1357
897 1358
897 1417
898 502
898 899
899 364
899 701
900 609
900 901
901 328
901 823
902 339
902 369
903 819
903 1407
904 348
904 442
905 547
905 564
906 53
906 342
907 556
907 1423
908 333
908 386
909 538
909 572
910 608
910 713
911 533
911 1282
912 578
912 770
913 430
913 778
914 331
914 381
914 574
914 664
914 1415
914 1416
915 685
915 793
916 488
916 593
917 190
917 523
918 38
918 751
919 24
919 489
919 920
919 1412
920 233
920 444
921 922
921 934
922 476
922 691
922 923
922 924
922 925
922 926
922 927
922 928
922 929
922 932
923 496
923 629
923 693
923 1362
924 393
924 425
924 521
924 577
924 704
924 811
924 1347
925 522
925 821
926 482
926 1260
927 429
927 526
928 454
928 598
929 366
929 499
929 567
929 723
929 930
929 931
929 1274
929 1373
929 1389
930 374
930 726
931 494
931 792
932 642
932 933
933 60
933 88
934 153
934 188
934 357
934 453
934 935
934 937
934 938
934 939
934 940
935 864
935 866
935 936
935 1395
935 1396
935 1397
936 871
936 875
937 465
937 515
938 156
938 789
939 375
939 836
940 687
940 941
941 226
941 842
942 9
942 15
942 23
942 48
942 387
942 943
942 944
942 1481
943 573
943 702
944 124
944 317
945 358
945 445
945 506
945 617
945 722
946 0
946 30
946 37
946 481
946 595
946 857
946 869
946 947
947 78
947 678
948 510
948 949
948 950
949 460
949 546
950 182
950 640
951 322
951 767
951 774
951 808
951 1316
952 388
952 953
953 689
953 954
954 741
954 1383
955 192
955 956
956 241
956 268
956 291
956 349
957 958
957 961
958 867
958 873
958 877
958 879
958 959
958 960
959 862
959 881
960 872
960 1398
960 1399
960 1400
961 82
961 312
961 493
962 497
962 512
962 776
962 963
963 459
963 491
964 965
964 966
965 141
965 189
966 99
966 800
967 968
967 969
968 715
968 1244
968 1245
969 150
969 603
969 616
970 152
970 273
970 596
970 779
970 971
970 972
970 973
970 974
970 977
970 978
970 979
970 984
970 985
971 87
971 276
971 752
971 1506
972 421
972 604
972 758
973 549
973 615
973 740
974 513
974 975
975 780
975 976
976 337
976 419
977 699
977 826
978 183
978 217
978 772
979 688
979 980
979 981
979 982
980 483
980 708
981 405
981 532
981 1371
981 1372
982 467
982 561
982 705
982 745
982 882
982 983
982 1410
982 1411
983 367
983 520
984 95
984 101
984 318
985 519
985 707
985 1345
985 1346
985 1503
986 698
986 844
987 103
987 304
988 28
988 308
988 464
989 289
989 418
990 580
990 1310
991 271
991 673
992 657
992 735
993 736
993 799
994 422
994 995
995 174
995 480
995 653
995 1285
995 1286
996 466
996 672
997 739
997 998
998 97
998 199
998 855
999 529
999 763
1000 55
1000 797
1001 504
1001 576
1002 536
1002 775
1003 416
1003 586
1003 651
1003 777
1003 816
1003 850
1003 874
1004 25
1004 390
1005 104
1005 301
1006 765
1006 1007
1006 1010
1007 495
1007 601
1007 1008
1008 412
1008 1009
1009 372
1009 768
1010 93
1010 142
1010 221
1010 258
1010 1011
1010 1333
1010 1334
1010 1335
1011 417
1011 669
1012 39
1012 223
1013 208
1013 534
1014 180
1014 288
1014 354
1014 360
1014 759
1014 1015
1014 1298
1015 267
1015 677
1016 279
1016 1017
1017 163
1017 1287
1017 1288
1017 1289
1017 1290
1017 1291
1018 69
1018 868
1019 57
1019 1020
1020 40
1020 1524
1021 200
1021 237
1021 368
1022 193
1022 667
1023 12
1023 468
1024 394
1024 623
1025 786
1025 1401
1026 47
1026 621
1027 1028
1027 1055
1028 1029
1028 1034
1028 1041
1029 1030
1029 1032
1030 628
1030 1031
1031 373
1031 535
1031 783
1031 1325
1032 396
1032 415
1032 1033
1033 400
1033 570
1034 1035
1034 1038
1035 58
1035 1036
1036 463
1036 820
1036 1037
1037 378
1037 379
1038 665
1038 1039
1039 408
1039 435
1039 1040
1039 1304
1040 560
1040 1519
1040 1520
1041 260
1041 1042
1042 1043
1042 1046
1042 1047
1042 1048
1042 1049
1043 330
1043 1044
1044 409
1044 1045
1045 61
1045 1350
1046 380
1046 402
1047 641
1047 766
1048 747
1048 798
1049 327
1049 413
1049 427
1049 484
1049 1050
1049 1052
1049 1053
1049 1054
1049 1254
1050 392
1050 802
1050 1051
1051 812
1051 1292
1051 1293
1051 1294
1051 1295
1051 1296
1051 1297
1052 320
1052 600
1053 588
1053 605
1053 649
1053 737
1053 784
1054 434
1054 437
1055 54
1055 63
1055 90
1055 130
1055 256
1055 749
1055 829
1055 848
1055 1056
1055 1057
1055 1058
1055 1059
1055 1060
1056 210
1056 281
1057 398
1057 590
1058 231
1058 712
1059 68
1059 108
1060 75
1060 83
1061 1062
1061 1077
1062 116
1062 149
1062 185
1062 296
1062 300
1062 1063
1062 1068
1062 1071
1062 1073
1062 1076
1062 1470
1062 1471
1063 1064
1063 1067
1064 122
1064 1065
1065 113
1065 160
1065 213
1065 1066
1065 1437
1065 1438
1065 1439
1065 1440
1065 1441
1065 1442
1065 1443
1065 1444
1066 109
1066 158
1067 151
1067 307
1068 147
1068 244
1068 1069
1069 154
1069 240
1069 1070
1070 234
1070 1515
1070 1516
1071 117
1071 1072
1072 196
1072 272
1073 125
1073 140
1073 222
1073 263
1073 290
1073 1074
1073 1075
1073 1445
1073 1446
1073 1447
1073 1448
1073 1449
1073 1450
1073 1451
1073 1452
1073 1455
1073 1512
1074 265
1074 293
1075 178
1075 257
1076 172
1076 270
1076 314
1077 622
1077 1078
1077 1079
1078 551
1078 610
1079 818
1079 1080
1080 345
1080 362
1080 500
1081 4
1081 5
1081 13
1081 27
1081 31
1081 32
1081 46
1081 52
1081 1082
1081 1083
1081 1084
1081 1085
1081 1241
1081 1242
1081 1243
1081 1487
1081 1490
1081 1494
1082 14
1082 17
1083 607
1083 743
1084 352
1084 781
1085 49
1085 634
1086 1087
1086 1091
1086 1094
1087 448
1087 1088
1088 62
1088 91
1088 114
1088 206
1088 332
1088 490
1088 1089
1088 1368
1088 1500
1089 81
1089 184
1089 254
1089 286
1089 1090
1089 1517
1089 1518
1090 138
1090 186
1090 243
1091 732
1091 1092
1092 177
1092 1093
1093 359
1093 666
1094 110
1094 528
1094 624
1095 377
1095 446
1095 611
1095 660
1095 719
1095 724
1095 761
1095 824
1095 1096
1095 1099
1095 1100
1095 1101
1095 1102
1095 1103
1095 1366
1095 1367
1096 1097
1096 1098
1097 250
1097 684
1098 555
1098 602
1098 703
1098 754
1099 487
1099 638
1100 278
1100 1322
1101 663
1101 750
1102 370
1102 456
1103 363
1103 589
1104 26
1104 171
1104 414
1104 438
1104 461
1104 505
1104 562
1104 571
1104 619
1104 654
1104 790
1104 1105
1104 1109
1104 1119
1104 1123
1104 1128
1104 1129
1104 1132
1104 1134
1104 1135
1104 1136
1104 1137
1104 1140
1104 1142
1104 1143
1104 1144
1104 1145
1104 1146
1104 1147
1104 1150
1104 1151
1104 1152
1104 1153
1104 1154
1104 1155
1104 1156
1104 1301
1104 1307
1104 1359
1104 1360
1104 1361
1105 126
1105 319
1105 344
1105 1106
1105 1107
1106 486
1106 690
1106 788
1107 397
1107 472
1107 725
1107 1108
1108 179
1108 229
1109 334
1109 365
1109 452
1109 524
1109 563
1109 569
1109 683
1109 843
1109 1110
1109 1111
1109 1113
1109 1116
1109 1117
1109 1118
1109 1268
1110 143
1110 436
1111 187
1111 1112
1112 695
1112 738
1113 440
1113 1114
1113 1115
1114 382
1114 681
1115 351
1115 385
1115 424
1115 709
1115 1386
1115 1387
1115 1388
1116 70
1116 856
1117 338
1117 832
1118 347
1118 696
1119 198
1119 214
1119 309
1119 614
1119 1120
1119 1121
1119 1122
1120 232
1120 253
1121 128
1121 144
1122 744
1122 769
1123 585
1123 594
1123 810
1123 827
1123 1124
1123 1125
1123 1126
1123 1127
1124 764
1124 805
1125 625
1125 711
1126 132
1126 834
1127 457
1127 474
1128 441
1128 727
1129 305
1129 335
1129 633
1129 1130
1130 283
1130 295
1130 1131
1131 249
1131 1460
1132 353
1132 1133
1133 389
1133 716
1134 247
1134 838
1135 553
1135 828
1136 530
1136 1420
1137 86
1137 212
1137 310
1137 346
1137 1138
1137 1139
1137 1266
1137 1267
1137 1330
1138 259
1138 282
1138 287
1139 165
1139 306
1139 313
1140 105
1140 119
1140 209
1140 215
1140 261
1140 554
1140 721
1140 1141
1141 41
1141 508
1142 643
1142 648
1142 1319
1143 384
1143 584
1144 356
1144 410
1145 251
1145 395
1146 618
1146 742
1147 45
1147 730
1147 801
1147 1148
1147 1149
1148 644
1148 841
1149 451
1149 1336
1150 401
1150 557
1151 606
1151 662
1152 671
1152 771
1152 840
1153 458
1153 631
1154 655
1154 753
1155 383
1155 809
1156 479
1156 543
1157 1158
1157 1160
1158 72
1158 74
1158 299
1158 341
1158 432
1158 433
1158 471
1158 518
1158 686
1158 785
1158 1159
1159 76
1159 218
1160 123
1160 853
1161 2
1161 18
1161 20
1161 21
1161 29
1161 447
1161 791
1161 1162
1161 1164
1161 1484
1161 1485
1161 1486
1161 1497
1162 8
1162 36
1162 42
1162 43
1162 44
1162 1163
1163 11
1163 19
1164 1
1164 51
1165 204
1165 568
1165 613
1165 627
1165 815
1165 1166
1165 1167
1165 1168
1166 849
1166 854
1166 861
1167 321
1167 439
1168 804
1168 813
1169 80
1169 127
1169 340
1169 443
1169 1170
1169 1171
1169 1257
1170 391
1170 575
1171 1463
1171 1472
1172 16
1172 66
1172 197
1172 420
1172 676
1172 1173
1172 1174
1172 1175
1172 1176
1173 710
1173 883
1174 548
1174 714
1175 450
1175 478
1176 542
1176 565
1177 22
1177 1178
1177 1179
1177 1180
1178 462
1178 1314
1178 1315
1179 92
1179 361
1180 597
1180 694
1180 728
1180 746
1180 787
1180 1181
1180 1182
1181 540
1181 680
1182 679
1182 733
1182 734
1182 835
1183 507
1183 1184
1184 161
1184 168
1184 201
1184 516
1184 1185
1184 1453
1184 1454
1185 211
1185 228
1186 120
1186 134
1186 137
1186 169
1186 175
1186 194
1186 216
1186 297
1186 1187
1186 1188
1186 1189
1186 1190
1186 1404
1186 1427
1187 135
1187 219
1188 227
1188 718
1189 238
1189 755
1190 107
1190 176
1191 1192
1191 1194
1191 1354
1192 860
1192 1193
1193 245
1193 550
1194 411
1194 635
1195 1196
1195 1199
1196 73
1196 84
1196 85
1196 1197
1196 1198
1197 64
1197 71
1198 79
1198 1509
1199 647
1199 650
1200 1201
1200 1202
1201 118
1201 428
1202 514
1202 858
1203 148
1203 255
1204 7
1204 59
1204 121
1204 880
1205 285
1205 477
1205 485
1205 1206
1206 539
1206 656
1207 870
1207 1392
1207 1393
1207 1394
1208 115
1208 167
1209 67
1209 146
1209 248
1209 545
1209 583
1209 682
1209 729
1209 762
1209 825
1209 1210
1209 1211
1209 1212
1209 1213
1209 1214
1209 1215
1209 1216
1209 1217
1209 1328
1209 1329
1210 89
1210 636
1211 670
1211 757
1212 830
1212 845
1213 511
1213 659
1214 455
1214 582
1214 668
1215 426
1215 839
1216 324
1216 831
1217 399
1217 645
1217 717
1218 294
1218 863
1218 878
1219 157
1219 316
1219 1220
1220 94
1220 1478
1221 98
1221 111
1221 264
1221 1222
1222 181
1222 262
1223 579
1223 697
1224 343
1224 817
1225 170
1225 252
1226 269
1226 1227
1227 100
1227 266
1228 162
1228 1229
1228 1230
1228 1231
1228 1233
1228 1234
1229 626
1229 852
1230 131
1230 859
1231 106
1231 139
1231 164
1231 275
1231 315
1231 1232
1231 1521
1232 155
1232 159
1233 323
1233 552
1234 129
1234 220
1234 311
1234 851
1235 284
1235 592
1236 112
1236 191
1236 376
1237 407
1237 646
1237 1238
1238 371
1238 1239
1239 224
1239 280
1240 1466
1240 1467
1240 1468
1240 1469
1240 1527
1246 1247
1246 1248
1246 1249
1246 1250
1251 1252
1251 1253
1254 1255
1254 1256
1257 1258
1257 1259
1260 1261
1260 1262
1263 1264
1263 1265
1268 1269
1268 1270
1268 1271
1268 1272
1268 1273
1274 1275
1274 1276
1274 1277
1274 1278
1274 1279
1274 1280
1274 1281
1282 1283
1282 1284
1298 1299
1298 1300
1301 1302
1301 1303
1304 1305
1304 1306
1307 1308
1307 1309
1310 1311
1310 1312
1310 1313
1316 1317
1316 1318
1319 1320
1319 1321
1322 1323
1322 1324
1325 1326
1325 1327
1330 1331
1330 1332
1336 1337
1336 1338
1336 1339
1342 1343
1342 1344
1347 1348
1347 1349
1350 1351
1350 1352
1350 1353
1354 1355
1354 1356
1362 1363
1362 1364
1362 1365
1368 1369
1368 1370
1373 1374
1373 1375
1373 1376
1377 1378
1377 1379
1380 1381
1380 1382
1383 1384
1383 1385
1389 1390
1389 1391
1401 1402
1401 1403
1404 1405
1404 1406
1407 1408
1407 1409
1412 1413
1412 1414
1417 1418
1417 1419
1420 1421
1420 1422
1423 1424
1423 1425
1423 1426
1427 1428
1427 1429
1430 1431
1430 1432
1430 1433
1430 1434
1430 1435
1430 1436
1455 1456
1455 1457
1455 1458
1455 1459
1460 1461
1460 1462
1463 1464
1463 1465
1472 1473
1472 1474
1475 1476
1475 1477
1478 1479
1478 1480
1481 1482
1481 1483
1487 1488
1487 1489
1490 1491
1490 1492
1490 1493
1494 1495
1494 1496
1497 1498
1497 1499
1500 1501
1500 1502
1503 1504
1503 1505
1506 1507
1506 1508
1509 1510
1509 1511
1512 1513
1512 1514
1521 1522
1521 1523
1524 1525
1524 1526
1527 1528
1527 1529
1530 884
