52 26
52 53
52 58
53 16
53 40
53 47
53 54
53 57
54 37
54 55
55 50
55 56
56 48
56 51
57 15
57 39
58 59
58 79
58 86
58 89
58 91
59 60
59 62
59 71
60 45
60 61
61 19
61 31
62 63
62 65
62 67
63 6
63 18
63 64
64 27
64 30
65 32
65 66
66 1
66 44
67 68
67 69
68 8
68 33
69 21
69 70
70 14
70 42
71 72
71 74
71 75
72 41
72 73
73 28
73 34
74 38
74 46
75 20
75 76
76 77
76 78
77 2
77 25
78 11
78 23
79 80
79 83
80 5
80 81
81 10
81 82
82 29
82 36
83 84
83 85
84 12
84 43
85 0
85 49
86 24
86 87
87 13
87 88
88 3
88 7
89 17
89 90
90 4
90 9
91 22
91 35
92 52
