57 58
57 77
57 80
57 82
57 84
57 88
58 42
58 59
59 17
59 60
60 61
60 67
60 75
61 62
61 63
62 13
62 22
63 64
63 65
64 7
64 50
65 14
65 66
66 9
66 20
67 28
67 68
67 69
68 1
68 29
69 41
69 70
69 72
69 94
70 71
70 97
71 31
71 37
72 73
72 74
73 30
73 52
74 24
74 34
74 39
74 54
75 12
75 18
75 26
75 76
76 15
76 16
76 19
77 44
77 48
77 78
77 79
78 32
78 36
78 38
78 45
78 46
78 51
79 4
79 23
80 3
80 21
80 81
81 2
81 33
81 47
82 40
82 83
83 5
83 56
84 85
84 100
85 86
85 87
86 0
86 55
87 25
87 27
88 89
88 92
88 93
89 90
89 91
90 35
90 49
91 8
91 10
92 11
92 43
93 6
93 53
94 95
94 96
97 98
97 99
100 101
100 102
103 57
