58 4
58 5
58 11
58 12
58 14
58 41
58 53
58 59
58 65
58 73
58 76
58 78
58 79
58 80
58 82
58 83
58 84
58 85
59 28
59 60
59 62
59 63
60 29
60 30
60 61
61 45
61 86
62 10
62 23
63 26
63 64
64 38
64 49
65 40
65 66
65 68
66 46
66 67
67 37
67 42
68 25
68 27
68 35
68 69
68 72
69 32
69 70
70 44
70 55
70 71
71 39
71 57
72 33
72 47
73 24
73 74
74 3
74 9
74 75
75 21
75 22
76 48
76 50
76 52
76 77
77 34
77 51
78 2
78 56
79 7
79 8
79 13
79 15
79 17
80 36
80 81
81 16
81 20
82 1
82 31
83 0
83 54
84 18
84 19
85 6
85 43
86 87
86 88
89 58
