54 55
54 65
55 56
55 59
55 60
55 63
56 0
56 57
57 16
57 20
57 24
57 30
57 32
57 38
57 41
57 58
58 28
58 40
58 91
58 92
59 45
59 47
60 11
60 13
60 14
60 27
60 61
60 62
61 29
61 33
62 15
62 21
63 23
63 64
64 1
64 88
65 66
65 80
65 87
66 67
66 70
66 75
67 36
67 37
67 68
67 69
68 26
68 31
69 19
69 42
70 71
70 73
71 3
71 7
71 72
72 4
72 8
72 9
73 18
73 74
74 5
74 6
75 76
75 78
76 12
76 77
77 17
77 34
77 44
78 48
78 79
79 50
79 52
80 81
80 85
81 82
81 83
82 46
82 53
83 2
83 84
84 39
84 51
85 49
85 86
86 25
86 43
87 10
87 22
87 35
88 89
88 90
93 54
