58 59
58 76
58 79
58 84
58 93
59 60
59 63
59 71
59 75
60 30
60 45
60 61
60 62
61 4
61 6
62 3
62 54
63 64
63 67
64 11
64 65
65 20
65 66
66 14
66 32
67 5
67 8
67 68
67 69
68 7
68 53
69 2
69 70
70 0
70 10
71 72
71 73
72 12
72 15
73 17
73 74
74 55
74 56
75 1
75 9
76 23
76 24
76 25
76 48
76 50
76 57
76 77
76 78
77 21
77 47
78 27
78 29
78 41
78 42
79 18
79 80
80 16
80 81
81 28
81 82
81 83
82 26
82 35
82 37
82 44
83 34
83 38
83 52
84 85
84 92
85 86
85 88
86 33
86 87
87 22
87 46
88 89
88 91
89 43
89 90
90 31
90 40
91 49
91 51
92 36
92 39
93 13
93 19
94 58
