31 32
31 42
32 33
32 41
33 26
33 34
33 36
33 37
33 38
33 39
33 40
34 8
34 13
34 20
34 35
34 72
34 73
34 77
35 4
35 7
36 22
36 25
37 24
37 61
38 29
38 54
38 69
39 9
39 64
40 58
40 74
41 19
41 83
42 43
42 51
43 15
43 16
43 23
43 44
43 49
43 50
44 45
44 46
45 2
45 3
46 1
46 6
46 47
47 5
47 12
47 48
48 17
48 18
49 14
49 21
50 11
50 28
51 30
51 52
52 27
52 53
53 0
53 10
54 55
54 56
54 57
58 59
58 60
61 62
61 63
64 65
64 66
64 67
64 68
69 70
69 71
74 75
74 76
77 78
77 79
77 80
77 81
77 82
83 84
83 85
86 31
