619 620
619 864
619 935
619 950
620 621
620 849
620 858
620 860
620 862
621 622
621 642
621 710
621 716
621 729
621 759
621 767
621 802
621 810
621 813
621 817
621 818
621 820
621 822
621 825
621 827
621 828
621 829
621 847
622 623
622 640
623 48
623 469
623 624
623 627
623 628
623 631
623 635
623 636
623 637
623 639
624 302
624 625
624 626
625 240
625 403
625 419
626 296
626 396
626 423
627 223
627 309
627 349
628 629
628 630
629 230
629 554
630 281
630 355
631 249
631 369
631 429
631 632
632 295
632 415
632 633
633 582
633 634
634 264
634 555
635 185
635 406
636 456
636 504
637 131
637 638
638 217
638 220
639 51
639 263
640 560
640 641
641 21
641 41
642 643
642 675
642 693
642 709
643 566
643 644
643 647
643 651
643 653
643 655
643 659
643 660
643 661
643 662
643 663
644 221
644 228
644 645
644 646
644 974
644 975
644 1026
645 35
645 1008
645 1009
646 113
646 972
646 973
647 46
647 588
647 589
647 648
647 649
647 984
648 587
648 594
649 603
649 650
649 994
649 995
650 590
650 602
651 63
651 484
651 652
652 969
652 970
652 971
652 1035
653 307
653 654
654 567
654 584
655 256
655 656
656 183
656 657
657 313
657 658
658 516
658 545
659 213
659 492
659 581
660 95
660 491
661 275
661 553
662 14
662 147
663 664
663 665
663 666
663 672
664 67
664 266
665 118
665 322
666 186
666 592
666 667
666 668
667 362
667 366
667 389
668 154
668 472
668 669
668 670
669 140
669 190
670 301
670 671
671 370
671 434
672 276
672 331
672 454
672 512
672 539
672 673
672 674
673 61
673 222
674 202
674 227
675 18
675 37
675 62
675 215
675 386
675 405
675 676
675 680
675 682
675 683
675 684
675 685
675 686
675 687
675 688
675 689
675 690
675 691
676 177
676 677
677 107
677 678
677 679
678 329
678 438
679 257
679 473
680 60
680 681
681 92
681 109
682 73
682 346
683 409
683 1013
684 262
684 399
685 458
685 991
686 108
686 609
687 377
687 532
688 446
688 601
689 291
689 540
690 343
690 558
691 20
691 692
692 25
692 426
692 564
692 615
693 40
693 194
693 226
693 694
693 695
693 696
693 697
693 700
693 701
693 702
693 703
693 704
693 705
693 707
694 9
694 489
695 430
695 517
696 88
696 137
697 478
697 698
698 290
698 699
698 987
699 19
699 591
700 153
700 268
701 100
701 314
702 246
702 599
703 36
703 188
704 59
704 604
705 495
705 546
705 706
706 205
706 229
707 408
707 442
707 708
708 1
708 42
709 6
709 325
709 570
710 479
710 711
710 714
710 715
711 47
711 83
711 106
711 132
711 145
711 151
711 712
711 713
712 72
712 101
713 52
713 82
714 126
714 138
715 54
715 139
716 717
716 728
717 718
717 719
717 720
717 721
717 722
717 723
718 34
718 390
719 17
719 385
720 91
720 124
721 255
721 316
722 70
722 395
723 38
723 272
723 506
723 724
724 725
724 726
725 383
725 569
726 179
726 727
727 76
727 522
728 306
728 610
729 57
729 730
729 733
729 752
729 753
729 754
729 756
729 757
730 731
730 732
731 89
731 112
732 174
732 1010
733 299
733 371
733 431
733 734
733 735
733 737
733 739
733 740
733 741
733 742
733 743
733 744
733 745
733 746
733 747
733 748
733 749
734 232
734 303
734 574
735 736
735 1019
736 2
736 8
737 79
737 117
737 361
737 738
738 280
738 344
739 53
739 152
740 96
740 134
741 136
741 351
742 85
742 1005
743 292
743 348
744 24
744 548
745 459
745 519
746 28
746 143
747 338
747 462
748 144
748 441
749 339
749 750
749 751
750 69
750 518
751 253
751 432
752 401
752 449
753 7
753 206
754 155
754 755
755 149
755 161
756 169
756 427
757 210
757 758
758 467
758 571
759 760
759 765
760 761
760 762
760 763
761 78
761 115
762 160
762 173
763 178
763 764
764 110
764 1016
765 158
765 187
765 766
766 204
766 425
767 414
767 768
767 771
767 774
767 780
767 782
767 784
767 785
767 786
767 787
767 788
767 789
767 790
767 791
767 793
767 795
767 796
767 799
768 267
768 769
768 770
769 197
769 212
770 287
770 453
771 216
771 486
771 772
771 773
772 241
772 411
773 244
773 530
774 775
774 778
775 208
775 219
775 231
775 274
775 312
775 515
775 776
775 777
776 358
776 514
777 311
777 444
778 310
778 779
779 422
779 531
780 119
780 781
781 269
781 533
782 305
782 402
782 783
783 80
783 525
784 437
784 510
785 435
785 497
786 463
786 511
787 64
787 283
788 354
788 447
789 393
789 500
790 365
790 475
791 320
791 792
792 239
792 611
793 572
793 794
794 45
794 104
795 345
795 499
796 797
796 798
797 407
797 612
798 381
798 476
799 56
799 87
799 413
799 544
799 800
800 353
800 801
801 157
801 578
802 803
802 805
803 298
803 804
804 300
804 1023
805 380
805 806
805 807
806 22
806 284
807 808
807 809
808 209
808 549
809 224
809 270
810 0
810 4
810 58
810 811
810 812
811 27
811 618
812 3
812 5
813 392
813 814
814 815
814 816
815 163
815 608
816 166
816 167
817 71
817 433
817 468
818 360
818 819
819 159
819 509
820 189
820 821
821 363
821 412
822 417
822 823
823 84
823 824
824 332
824 350
825 428
825 826
826 170
826 528
827 44
827 123
827 245
828 373
828 605
828 607
829 128
829 237
829 261
829 277
829 308
829 347
829 359
829 559
829 830
829 832
829 833
829 834
829 835
829 836
829 837
829 838
829 839
829 840
829 841
829 842
829 843
829 844
829 845
829 846
830 537
830 586
830 831
831 225
831 397
832 116
832 534
833 451
833 1032
834 356
834 508
835 324
835 481
836 318
836 493
837 293
837 471
838 315
838 999
839 23
839 340
840 317
840 465
841 503
841 597
842 214
842 379
843 236
843 556
844 196
844 384
845 148
845 485
846 198
846 234
847 450
847 848
848 527
848 547
849 850
849 857
850 851
850 853
851 168
851 852
852 74
852 99
853 146
853 854
854 65
854 98
854 114
854 122
854 130
854 141
854 175
854 176
854 520
854 855
854 856
855 90
855 103
856 150
856 156
857 247
857 523
858 55
858 859
859 286
859 337
860 490
860 861
861 328
861 466
862 43
862 863
863 81
863 164
864 865
864 908
864 918
864 932
865 866
865 905
866 326
866 867
866 890
866 891
866 897
866 898
866 899
866 900
867 248
867 868
867 878
867 880
867 882
867 883
867 884
867 885
867 886
867 887
868 285
868 869
868 872
869 342
869 870
869 871
870 288
870 496
871 535
871 575
872 30
872 203
872 541
872 873
872 874
872 875
872 876
872 877
873 31
873 33
874 199
874 474
875 323
875 330
876 191
876 278
877 29
877 967
877 968
878 120
878 879
879 418
879 562
880 10
880 15
880 368
880 501
880 881
881 11
881 13
882 333
882 580
883 421
883 613
884 334
884 388
884 524
885 182
885 243
886 129
886 505
887 400
887 563
887 888
887 889
888 452
888 536
889 121
889 242
890 254
890 420
890 443
890 448
890 551
891 892
891 895
892 341
892 893
892 894
893 352
893 457
894 218
894 364
895 233
895 896
896 273
896 480
897 265
897 376
897 561
898 259
898 585
899 375
899 424
900 498
900 595
900 901
900 902
901 382
901 477
902 251
902 436
902 552
902 596
902 903
903 235
903 904
904 367
904 579
905 600
905 906
906 487
906 907
907 483
907 568
908 909
908 914
909 66
909 68
909 97
909 102
909 127
909 162
909 910
909 911
909 912
909 913
910 94
910 125
911 49
911 181
912 93
912 105
913 111
913 171
914 573
914 915
914 916
915 327
915 439
916 378
916 543
916 917
917 445
917 455
918 488
918 919
918 921
918 922
918 923
918 925
918 926
918 927
918 928
918 929
919 39
919 920
920 238
920 1029
921 416
921 502
922 180
922 258
923 279
923 924
924 404
924 593
925 200
925 598
926 374
926 979
927 297
927 372
928 32
928 577
929 184
929 930
930 321
930 931
931 387
931 550
932 335
932 933
933 513
933 934
934 12
934 16
935 936
935 946
936 937
936 944
937 211
937 938
937 941
938 195
938 576
938 939
939 440
939 470
939 940
940 192
940 521
941 252
941 336
941 942
942 207
942 271
942 282
942 304
942 482
942 542
942 943
943 394
943 464
943 583
943 976
944 294
944 319
944 398
944 945
945 289
945 391
946 26
946 947
946 948
947 357
947 565
948 201
948 260
948 949
949 460
949 557
950 951
950 964
950 965
951 952
951 957
952 953
952 955
953 193
953 954
954 616
954 1002
955 617
955 956
955 996
956 606
956 614
957 958
957 960
957 961
958 50
958 77
958 959
959 165
959 172
960 75
960 86
960 133
960 135
961 410
961 962
962 538
962 963
963 142
963 526
964 507
964 529
965 250
965 966
966 461
966 494
976 977
976 978
979 980
979 981
979 982
979 983
984 985
984 986
987 988
987 989
987 990
991 992
991 993
996 997
996 998
999 1000
999 1001
1002 1003
1002 1004
1005 1006
1005 1007
1010 1011
1010 1012
1013 1014
1013 1015
1016 1017
1016 1018
1019 1020
1019 1021
1019 1022
1023 1024
1023 1025
1026 1027
1026 1028
1029 1030
1029 1031
1032 1033
1032 1034
1035 1036
1035 1037
1038 619
