602 41
602 61
602 153
602 313
602 314
602 337
602 352
602 379
602 423
602 603
602 739
602 757
602 771
602 781
602 790
602 823
602 831
602 867
602 873
602 874
602 875
602 876
602 878
603 169
603 604
603 735
604 605
604 726
605 606
605 618
605 631
605 657
605 665
606 3
606 13
606 29
606 122
606 146
606 163
606 280
606 292
606 350
606 607
606 609
606 611
606 612
606 613
607 111
607 248
607 608
608 326
608 378
608 402
608 891
609 224
609 610
610 104
610 237
610 371
611 35
611 62
611 355
611 367
611 385
612 70
612 98
612 950
613 94
613 344
613 362
613 408
613 614
613 615
613 617
614 318
614 327
615 57
615 72
615 129
615 275
615 287
615 349
615 616
616 143
616 311
617 53
617 193
617 261
617 415
617 421
618 12
618 124
618 375
618 619
618 624
618 627
618 628
618 629
619 620
619 623
620 562
620 621
621 515
621 622
622 549
622 555
623 308
623 566
624 156
624 625
624 626
625 195
625 403
626 99
626 315
627 348
627 417
627 469
628 234
628 545
629 591
629 630
630 42
630 87
630 164
630 236
630 298
630 484
631 264
631 281
631 506
631 632
631 639
631 647
631 648
631 649
631 652
631 653
631 654
631 656
632 227
632 633
632 635
632 636
633 492
633 634
634 474
634 475
635 468
635 493
636 455
636 457
636 460
636 472
636 637
637 491
637 638
638 490
638 926
638 927
638 928
639 232
639 312
639 340
639 343
639 383
639 587
639 640
639 641
639 642
639 643
639 644
639 645
640 456
640 569
641 322
641 401
642 115
642 185
643 416
643 907
643 908
644 51
644 204
645 14
645 49
645 65
645 110
645 147
645 225
645 646
646 188
646 284
647 452
647 543
648 527
648 536
649 650
649 651
650 592
650 601
651 137
651 397
652 518
652 524
653 114
653 481
654 37
654 451
654 498
654 655
654 882
655 123
655 277
656 171
656 521
657 658
657 664
658 659
658 660
658 662
659 202
659 211
660 187
660 661
661 249
661 923
661 924
661 925
662 214
662 437
662 663
663 346
663 942
664 5
664 443
665 666
665 672
665 675
665 678
665 680
665 685
665 686
665 712
665 713
665 714
665 716
665 717
665 718
666 92
666 388
666 560
666 565
666 667
666 669
666 670
666 671
667 551
667 668
668 38
668 55
669 289
669 532
670 83
670 172
671 46
671 103
671 463
672 673
672 674
673 88
673 265
673 505
673 537
673 552
674 6
674 594
675 170
675 470
675 676
676 597
676 677
677 466
677 478
678 180
678 382
678 679
679 93
679 294
679 376
680 681
680 684
681 503
681 558
681 682
681 683
682 7
682 9
682 520
683 8
683 557
684 526
684 571
685 276
685 513
685 519
686 96
686 192
686 286
686 411
686 453
686 454
686 476
686 523
686 530
686 548
686 579
686 589
686 599
686 687
686 689
686 691
686 692
686 693
686 694
686 695
686 696
686 697
686 700
686 702
686 703
686 704
686 705
686 706
686 707
686 708
686 709
686 710
686 711
687 517
687 688
688 499
688 544
689 525
689 690
690 512
690 514
691 486
691 561
692 496
692 570
693 2
693 201
694 59
694 559
695 516
695 542
696 360
696 528
697 412
697 698
698 0
698 23
698 254
698 332
698 489
698 699
699 511
699 529
699 541
699 567
700 600
700 701
701 342
701 596
702 482
702 568
703 473
703 507
704 95
704 215
705 462
705 465
706 132
706 564
707 483
707 595
708 257
708 488
709 11
709 547
710 540
710 553
711 495
711 533
712 20
712 66
712 347
713 381
713 418
714 546
714 715
715 131
715 510
716 300
716 405
717 539
717 563
718 27
718 161
718 390
718 719
718 720
718 721
718 722
718 723
718 724
718 725
719 395
719 480
720 573
720 590
721 138
721 151
722 186
722 550
723 223
723 299
724 306
724 538
725 501
725 522
726 727
726 730
727 54
727 728
728 17
728 729
729 31
729 86
730 157
730 731
730 732
731 149
731 508
732 733
732 734
733 220
733 945
733 946
734 73
734 368
735 458
735 736
736 336
736 377
736 737
736 738
737 297
737 914
737 915
737 916
738 259
738 373
739 341
739 422
739 740
739 742
739 744
739 746
740 266
740 741
741 361
741 369
742 406
742 743
743 24
743 191
744 152
744 745
745 120
745 291
746 75
746 133
746 359
746 747
746 749
746 750
746 753
746 754
747 158
747 748
748 52
748 323
749 44
749 335
750 102
750 128
750 391
750 751
750 752
751 126
751 449
752 45
752 212
753 207
753 296
754 283
754 755
755 183
755 756
756 206
756 328
757 531
757 758
757 770
758 759
758 761
759 89
759 384
759 760
760 77
760 444
760 938
761 762
761 764
761 765
761 766
762 76
762 247
762 268
762 317
762 763
763 279
763 429
764 71
764 162
764 245
764 303
765 534
765 554
766 177
766 767
767 768
767 769
768 30
768 316
769 271
769 446
770 500
770 535
770 593
770 598
771 772
771 779
772 509
772 773
773 78
773 345
773 576
773 774
773 775
773 776
773 777
773 778
774 578
774 583
775 581
775 935
776 585
776 588
777 574
777 577
777 584
777 586
777 932
778 580
778 929
779 231
779 575
779 780
780 431
780 459
781 782
781 785
782 80
782 783
783 85
783 262
783 272
783 293
783 321
783 436
783 447
783 784
784 135
784 392
785 295
785 786
785 788
786 67
786 787
787 189
787 302
788 4
788 789
789 43
789 167
790 134
790 216
790 222
790 244
790 410
790 439
790 791
790 800
790 805
790 810
790 820
790 821
790 822
791 39
791 792
791 793
791 794
791 798
792 64
792 125
793 176
793 479
794 419
794 795
794 796
795 196
795 305
796 380
796 797
797 90
797 252
798 278
798 799
799 63
799 351
799 394
800 121
800 148
800 173
800 801
800 802
801 309
801 413
802 450
802 803
803 426
803 804
804 334
804 445
805 806
805 807
806 205
806 218
807 808
807 809
808 200
808 270
809 33
809 181
809 217
809 258
809 331
810 40
810 48
810 168
810 198
810 199
810 241
810 273
810 396
810 398
810 811
810 813
810 814
810 815
810 816
810 817
810 819
811 117
811 812
812 18
812 155
813 105
813 182
814 184
814 404
815 47
815 166
816 109
816 267
817 74
817 818
818 144
818 197
819 325
819 434
820 238
820 319
821 22
821 357
822 21
822 82
823 824
823 829
824 1
824 425
824 461
824 471
824 477
824 485
824 487
824 494
824 497
824 502
824 504
824 556
824 572
824 582
824 825
824 827
824 828
824 879
824 947
825 68
825 393
825 826
825 953
825 954
826 333
826 409
827 464
827 467
828 353
828 441
829 58
829 830
830 301
830 363
831 251
831 320
831 832
831 838
831 864
831 866
832 833
832 834
832 835
833 136
833 274
834 36
834 159
835 836
835 837
836 354
836 420
837 226
837 263
837 399
837 427
837 438
837 885
837 886
837 887
837 888
838 79
838 160
838 190
838 240
838 242
838 387
838 407
838 435
838 839
838 840
838 842
838 843
838 844
838 845
838 846
838 847
838 849
838 850
838 851
838 852
838 853
838 855
838 856
838 857
838 858
838 859
838 860
838 861
838 862
839 56
839 84
839 255
840 118
840 841
841 210
841 253
842 107
842 140
843 307
843 424
844 165
844 282
845 34
845 81
846 304
846 372
847 50
847 101
847 127
847 219
847 246
847 848
848 145
848 448
849 116
849 243
849 260
849 366
850 239
850 389
851 209
851 358
852 221
852 310
853 142
853 329
853 854
854 141
854 269
854 374
854 442
855 229
855 250
856 428
856 430
857 290
857 904
858 16
858 233
858 339
859 26
859 119
859 400
860 32
860 365
861 338
861 356
862 15
862 69
862 100
862 288
862 370
862 414
862 432
862 440
862 863
862 895
862 896
862 897
862 898
862 899
862 900
862 901
862 902
862 903
862 909
862 917
862 920
863 230
863 330
864 91
864 865
865 178
865 194
866 60
866 179
867 97
867 433
867 868
867 870
867 871
867 872
868 213
868 869
869 108
869 112
870 174
870 364
871 150
871 285
872 25
872 386
873 154
873 324
874 10
874 256
875 19
875 113
876 228
876 877
877 28
877 106
877 139
877 175
878 130
878 203
878 208
878 235
879 880
879 881
882 883
882 884
888 889
888 890
891 892
891 893
891 894
904 905
904 906
909 910
909 911
909 912
909 913
917 918
917 919
920 921
920 922
929 930
929 931
932 933
932 934
935 936
935 937
938 939
938 940
938 941
942 943
942 944
947 948
947 949
950 951
950 952
955 602
