497 498
497 631
497 786
497 788
497 803
497 809
497 815
498 499
498 537
498 567
498 622
499 500
499 535
500 501
500 534
501 502
501 504
501 508
501 512
501 521
501 523
501 524
501 525
501 526
502 186
502 237
502 503
502 866
503 39
503 96
504 505
504 506
505 75
505 123
505 166
505 490
505 853
506 333
506 507
507 487
507 828
508 509
508 511
509 64
509 510
510 428
510 430
510 434
511 228
511 352
512 513
512 515
512 516
512 518
513 433
513 514
514 102
514 448
515 280
515 436
516 297
516 517
517 174
517 366
518 519
518 520
519 300
519 409
520 130
520 475
521 307
521 522
522 90
522 181
523 218
523 310
524 463
524 484
525 153
525 343
526 527
526 528
526 529
526 530
526 531
527 380
527 473
528 363
528 821
529 457
529 840
530 288
530 875
531 199
531 532
531 533
532 202
532 385
533 28
533 117
534 203
534 230
535 206
535 536
536 0
536 110
536 416
536 458
537 538
537 551
538 539
538 544
539 494
539 540
539 541
539 543
540 273
540 449
540 849
540 850
540 881
541 143
541 542
542 179
542 860
543 396
543 424
544 545
544 547
545 381
545 546
546 169
546 369
547 417
547 548
548 67
548 549
549 346
549 550
550 342
550 379
551 552
551 557
551 561
551 562
551 563
552 553
552 554
553 56
553 57
554 112
554 311
554 555
555 173
555 556
556 301
556 442
557 134
557 194
557 558
557 560
558 97
558 559
559 99
559 332
560 196
560 393
561 229
561 329
562 170
562 245
562 362
562 452
563 564
563 565
564 7
564 107
565 254
565 566
566 51
566 248
567 568
567 578
567 586
567 592
567 597
567 600
567 603
567 612
568 569
568 574
568 927
569 89
569 119
569 411
569 570
569 571
569 572
569 573
570 293
570 383
571 42
571 863
572 72
572 140
573 308
573 825
574 9
574 224
574 575
574 576
575 285
575 354
576 319
576 492
576 577
577 162
577 378
578 54
578 579
578 581
579 121
579 580
580 209
580 213
580 243
580 250
581 82
581 205
581 582
582 58
582 171
582 303
582 583
582 585
583 47
583 455
583 584
584 85
584 193
585 142
585 479
586 587
586 591
587 105
587 246
587 334
587 588
587 589
588 302
588 392
589 53
589 590
590 365
590 851
590 852
591 289
591 412
592 593
592 596
593 91
593 594
593 595
594 87
594 168
594 212
595 184
595 414
596 138
596 318
597 25
597 37
597 240
597 305
597 355
597 598
598 599
598 856
599 12
599 468
600 175
600 601
601 435
601 602
602 252
602 259
603 604
603 607
604 261
604 605
605 438
605 606
606 312
606 429
607 41
607 101
607 131
607 608
607 611
608 609
608 610
609 14
609 158
610 459
610 897
611 17
611 242
612 93
612 154
612 361
612 613
612 615
612 618
612 621
613 299
613 614
614 15
614 382
615 126
615 616
615 617
616 136
616 157
616 386
617 100
617 431
618 94
618 408
618 619
618 620
619 239
619 244
620 128
620 884
621 84
621 360
622 623
622 626
623 32
623 624
624 221
624 348
624 625
625 156
625 477
626 627
626 628
627 294
627 295
628 629
628 630
629 235
629 418
630 238
630 337
631 632
631 783
632 633
632 654
632 662
632 719
632 727
632 732
632 737
632 744
632 760
632 764
632 770
633 256
633 634
634 635
634 642
634 651
635 59
635 76
635 118
635 636
635 638
636 68
636 637
637 35
637 79
638 38
638 65
638 639
638 640
638 641
639 71
639 894
639 919
639 920
640 43
640 324
640 910
641 3
641 5
641 916
641 917
641 918
642 263
642 413
642 643
642 644
642 645
642 647
643 207
643 398
644 215
644 432
645 315
645 320
645 456
645 646
646 258
646 336
647 30
647 36
647 353
647 648
647 649
648 356
648 388
649 426
649 650
650 367
650 420
651 652
651 653
652 10
652 287
653 291
653 415
654 655
654 661
655 656
655 660
656 657
656 659
657 232
657 268
657 296
657 317
657 325
657 423
657 658
657 831
657 832
657 833
657 834
657 835
658 2
658 482
659 155
659 446
660 150
660 195
661 139
661 437
662 410
662 663
662 670
662 716
662 717
663 664
663 668
664 111
664 665
664 666
665 178
665 183
665 185
665 198
665 236
665 253
666 439
666 483
666 667
667 190
667 340
668 98
668 669
669 106
669 328
670 83
670 372
670 671
670 680
670 686
670 689
670 692
670 695
670 699
670 700
670 702
670 703
670 704
670 705
670 706
670 707
670 708
670 709
670 710
670 711
670 714
671 672
671 675
671 677
672 673
672 674
673 108
673 450
674 469
674 488
675 298
675 676
676 46
676 177
677 678
677 679
678 61
678 165
679 74
679 103
679 872
680 330
680 681
680 682
680 684
681 161
681 371
682 359
682 683
683 148
683 476
684 29
684 685
685 269
685 341
686 327
686 687
687 271
687 688
688 270
688 907
689 80
689 350
689 690
689 691
690 1
690 440
691 313
691 389
692 45
692 160
692 427
692 693
693 286
693 694
694 211
694 444
695 401
695 696
696 351
696 697
697 374
697 698
698 402
698 403
699 60
699 486
700 701
700 904
701 208
701 331
702 124
702 395
703 322
703 470
704 187
704 364
705 201
705 284
706 357
706 376
707 304
707 480
708 141
708 210
708 491
709 214
709 467
710 159
710 489
711 712
711 713
712 384
712 419
713 406
713 901
714 460
714 715
715 11
715 44
716 370
716 390
717 255
717 718
718 189
718 275
719 720
719 726
720 95
720 113
720 721
720 723
720 724
721 485
721 722
722 66
722 204
722 887
723 292
723 441
724 52
724 115
724 725
725 27
725 347
726 62
726 846
727 4
727 234
727 728
727 729
728 247
728 279
728 404
729 358
729 730
729 731
730 227
730 338
730 405
731 466
731 495
732 733
732 735
732 736
733 114
733 734
734 461
734 471
734 478
735 13
735 387
736 81
736 144
737 738
737 741
738 739
738 740
739 451
739 453
740 125
740 326
741 223
741 375
741 742
742 447
742 743
743 345
743 377
744 323
744 496
744 745
744 749
744 754
744 756
745 746
745 747
746 23
746 472
747 20
747 748
748 233
748 391
749 217
749 750
749 752
749 753
750 349
750 751
751 109
751 226
752 272
752 836
753 48
753 344
753 400
754 290
754 755
755 116
755 306
756 757
756 758
757 219
757 481
758 164
758 759
759 34
759 40
759 267
760 276
760 761
761 55
761 762
762 763
762 913
763 88
763 282
763 425
764 765
764 767
764 768
765 21
765 766
766 63
766 180
767 225
767 843
768 464
768 769
769 86
769 92
770 147
770 149
770 231
770 771
770 772
770 775
770 776
770 778
770 780
770 781
770 782
771 22
771 122
771 878
772 773
772 774
773 167
773 394
774 69
774 77
774 281
774 321
775 422
775 443
776 421
776 777
777 49
777 260
777 266
777 274
777 399
777 407
778 465
778 779
779 8
779 309
780 18
780 132
780 191
781 222
781 339
782 146
782 251
783 127
783 137
783 277
783 784
784 6
784 785
785 192
785 818
786 31
786 135
786 152
786 787
787 104
787 241
787 335
788 265
788 789
788 792
788 799
789 133
789 176
789 182
789 790
789 791
790 474
790 869
790 870
790 871
791 314
791 493
792 249
792 793
793 151
793 262
793 794
793 798
794 16
794 795
795 796
795 797
796 19
796 50
796 278
797 163
797 257
798 129
798 145
799 33
799 264
799 800
800 188
800 801
801 216
801 802
801 921
802 316
802 891
803 804
803 808
804 462
804 805
805 806
805 807
806 70
806 172
807 368
807 373
808 26
808 73
809 810
809 814
810 811
810 812
811 445
811 454
812 397
812 813
813 220
813 924
814 120
814 197
815 200
815 816
816 24
816 817
817 78
817 283
818 819
818 820
821 822
821 823
821 824
825 826
825 827
828 829
828 830
836 837
836 838
836 839
840 841
840 842
843 844
843 845
846 847
846 848
853 854
853 855
856 857
856 858
856 859
860 861
860 862
863 864
863 865
866 867
866 868
872 873
872 874
875 876
875 877
878 879
878 880
881 882
881 883
884 885
884 886
887 888
887 889
887 890
891 892
891 893
894 895
894 896
897 898
897 899
897 900
901 902
901 903
904 905
904 906
907 908
907 909
910 911
910 912
913 914
913 915
921 922
921 923
924 925
924 926
927 928
927 929
930 497
