498 140
498 439
498 499
498 614
498 713
498 731
498 753
498 756
498 763
498 764
498 765
498 766
498 767
498 768
499 500
499 545
499 578
499 590
500 501
500 541
500 542
501 65
501 81
501 188
501 316
501 357
501 502
501 512
501 534
501 535
501 536
501 537
501 804
502 503
502 510
503 504
503 508
504 26
504 167
504 505
504 506
504 507
504 788
505 102
505 161
505 282
505 317
505 354
505 367
505 413
505 427
506 191
506 193
506 196
506 891
506 892
506 893
507 295
507 335
508 28
508 418
508 484
508 509
508 836
509 440
509 454
510 480
510 511
510 771
511 470
511 492
512 71
512 210
512 513
512 516
512 529
512 530
512 533
512 850
513 24
513 94
513 252
513 278
513 309
513 333
513 485
513 514
513 515
514 56
514 63
514 394
515 127
515 128
516 52
516 62
516 226
516 424
516 517
516 521
516 522
516 523
516 524
516 525
516 526
516 528
517 518
517 520
518 293
518 411
518 519
519 322
519 774
519 780
519 781
519 782
519 783
519 784
520 33
520 50
521 406
521 451
521 466
522 37
522 116
522 117
523 258
523 297
524 10
524 341
525 310
525 329
526 306
526 308
526 527
527 42
527 133
528 285
528 380
529 35
529 263
530 49
530 531
531 48
531 51
531 532
532 27
532 873
533 55
533 219
534 215
534 232
534 242
535 18
535 89
535 136
536 356
536 472
537 112
537 118
537 172
537 253
537 264
537 538
537 539
537 540
538 265
538 469
539 165
539 261
540 213
540 447
541 173
541 216
541 883
541 884
542 11
542 121
542 153
542 321
542 408
542 543
542 544
543 85
543 358
544 25
544 234
545 546
545 567
546 547
546 566
547 548
547 550
547 552
547 557
548 452
548 468
548 549
549 448
549 462
550 44
550 551
551 307
551 431
552 409
552 553
552 554
552 556
552 791
552 901
553 276
553 376
554 163
554 344
554 385
554 555
554 845
555 59
555 324
556 166
556 392
557 558
557 561
558 559
558 560
559 78
559 150
560 1
560 21
560 46
560 73
560 147
560 459
561 34
561 132
561 145
561 272
561 364
561 562
561 563
561 565
562 279
562 347
562 460
563 294
563 564
564 77
564 479
565 241
565 313
566 204
566 338
567 568
567 575
568 75
568 93
568 129
568 314
568 328
568 569
568 572
568 573
568 574
568 823
569 243
569 251
569 570
569 571
570 207
570 398
571 83
571 98
571 115
571 360
571 430
572 12
572 23
573 233
573 833
574 9
574 39
575 181
575 576
576 138
576 383
576 577
577 463
577 465
578 53
578 254
578 281
578 298
578 579
578 583
578 585
578 586
578 587
578 588
578 589
579 580
579 582
580 0
580 67
580 69
580 581
580 865
580 866
581 8
581 61
582 105
582 156
583 13
583 108
583 267
583 421
583 455
583 584
583 826
583 885
584 420
584 807
585 164
585 475
586 384
586 493
587 230
587 842
588 19
588 464
589 137
589 202
589 494
590 490
590 591
590 596
591 592
591 594
592 432
592 593
593 275
593 280
594 159
594 595
595 109
595 144
596 396
596 478
596 597
596 599
596 602
596 608
596 609
596 610
596 611
596 613
597 176
597 598
598 2
598 410
599 600
599 601
600 125
600 141
601 135
601 154
602 603
602 604
602 607
603 390
603 415
604 332
604 605
605 404
605 606
606 4
606 170
607 287
607 894
608 388
608 400
609 155
609 353
610 274
610 457
611 441
611 612
612 402
612 839
613 134
613 237
614 615
614 667
615 616
615 664
616 617
616 653
617 618
617 636
618 70
618 110
618 315
618 334
618 619
618 622
618 628
618 629
618 631
618 633
618 634
618 635
619 467
619 620
619 621
620 302
620 323
620 395
621 453
621 497
622 111
622 429
622 623
623 624
623 626
624 340
624 625
625 379
625 794
625 795
626 296
626 627
627 355
627 414
628 223
628 450
628 898
629 194
629 268
629 630
630 189
630 257
631 262
631 632
632 417
632 810
633 168
633 820
634 289
634 785
635 22
635 123
636 637
636 639
636 640
637 185
637 372
637 435
637 638
638 339
638 426
639 365
639 369
640 15
640 74
640 142
640 229
640 641
640 643
640 645
640 647
640 648
640 649
640 870
641 476
641 642
642 5
642 72
643 29
643 644
644 87
644 124
645 286
645 646
646 80
646 904
646 905
647 66
647 201
647 486
648 290
648 428
649 650
649 651
650 458
650 829
650 830
650 831
650 832
651 99
651 186
651 221
651 652
652 126
652 423
653 654
653 657
653 658
654 655
654 656
655 239
655 271
655 438
656 180
656 184
656 255
657 269
657 325
658 659
658 660
658 663
659 362
659 375
660 661
660 662
661 16
661 169
662 158
662 200
663 178
663 482
664 187
664 665
664 666
665 84
665 114
665 151
665 876
666 90
666 103
667 668
667 690
668 669
668 689
669 670
669 680
670 671
670 675
671 342
671 349
671 672
672 3
672 673
673 273
673 336
673 370
673 674
674 305
674 326
675 676
675 678
676 162
676 677
677 30
677 853
678 47
678 405
678 679
679 277
679 425
680 92
680 139
680 192
680 227
680 236
680 318
680 374
680 378
680 381
680 444
680 681
680 683
680 685
680 686
680 687
680 688
681 416
681 682
682 284
682 320
682 419
683 218
683 684
684 477
684 488
685 197
685 206
686 245
686 283
687 43
687 389
688 235
688 319
689 152
689 796
690 691
690 698
690 710
691 100
691 692
691 695
692 693
692 694
693 382
693 802
693 803
694 359
694 461
695 120
695 696
696 496
696 697
697 330
697 366
698 301
698 346
698 373
698 386
698 699
698 703
698 705
698 706
698 707
698 708
699 311
699 700
699 702
700 291
700 701
701 259
701 442
702 208
702 238
703 214
703 704
704 177
704 225
705 82
705 266
705 888
706 483
706 491
707 143
707 412
708 407
708 709
709 246
709 422
710 351
710 711
710 712
711 60
711 68
711 198
711 434
712 190
712 487
713 714
713 730
714 17
714 54
714 58
714 88
714 175
714 199
714 244
714 715
714 718
714 722
714 724
714 725
714 726
714 727
714 728
714 729
714 813
714 814
715 91
715 312
715 716
715 717
715 867
716 107
716 256
717 474
717 489
718 719
718 721
719 64
719 720
720 6
720 368
720 433
721 97
721 343
722 446
722 723
723 160
723 240
724 106
724 350
725 249
725 327
726 260
726 361
727 38
727 473
728 174
728 211
728 222
729 31
729 391
730 288
730 303
731 732
731 739
731 744
732 86
732 217
732 363
732 436
732 733
732 735
732 737
732 738
733 40
733 734
734 130
734 818
734 819
735 736
735 777
736 393
736 401
737 220
737 300
738 20
738 205
739 304
739 740
740 399
740 741
740 799
741 131
741 742
742 292
742 387
742 743
743 41
743 445
744 745
744 750
745 122
745 157
745 212
745 746
745 747
745 748
745 749
746 179
746 231
746 248
747 171
747 345
748 101
748 352
748 848
748 849
749 36
749 45
749 481
749 856
750 95
750 751
750 752
751 182
751 209
751 815
752 183
752 299
753 443
753 754
754 203
754 755
755 7
755 862
756 104
756 247
756 437
756 757
756 759
756 760
757 146
757 758
757 880
758 224
758 228
759 195
759 270
760 96
760 113
760 148
760 331
760 456
760 761
760 762
761 149
761 449
762 371
762 859
763 348
763 377
764 250
764 471
765 32
765 57
766 79
766 403
767 14
767 495
768 397
768 769
769 76
769 770
770 119
770 337
771 772
771 773
774 775
774 776
777 778
777 779
785 786
785 787
788 789
788 790
791 792
791 793
796 797
796 798
799 800
799 801
804 805
804 806
807 808
807 809
810 811
810 812
815 816
815 817
820 821
820 822
823 824
823 825
826 827
826 828
833 834
833 835
836 837
836 838
839 840
839 841
842 843
842 844
845 846
845 847
850 851
850 852
853 854
853 855
856 857
856 858
859 860
859 861
862 863
862 864
867 868
867 869
870 871
870 872
873 874
873 875
876 877
876 878
876 879
880 881
880 882
885 886
885 887
888 889
888 890
894 895
894 896
894 897
898 899
898 900
901 902
901 903
906 498
